55545
70234
57321
7800
94245
95234
79014
15727
73805
30930
49360
60082
42245
39177
32628
66170
21902
83596
98002
9284
14521
49774
71538
5413
70483
56523
2775
96470
38990
97259
82673
75644
5676
42189
34866
21513
12377
43068
26788
87967
6365
52241
14625
54705
11042
29226
43374
6531
85750
6657
83465
24104
37327
58010
99259
59452
37017
77450
94552
10291
66283
879
47284
58722
89423
38964
38601
45028
52603
71049
40280
22263
87261
61871
77284
11835
7575
21585
68629
96689
76285
22250
55201
36792
97151
17601
13444
6937
42486
81670
75998
19094
8213
47290
2269
68143
44850
57211
39271
85738
63458
71472
36258
93683
41365
12214
26148
13969
23711
53968
43221
46217
31482
57635
7403
71022
79736
41346
89144
23873
4441
84416
94883
10523
7341
27112
8433
73678
36264
22405
43984
66311
45287
7252
44102
25146
79920
85822
31479
66996
34928
75348
53318
23581
30761
72905
59135
94016
46529
28549
58283
14903
56146
83614
32416
13931
83475
82696
85391
15938
72977
45101
86327
83113
33571
71773
45441
9556
4462
84792
95391
62050
65018
54739
31643
32869
77285
91527
2035
84985
72868
42720
85514
51945
19551
41797
20913
5484
93969
50384
41779
95048
9637
21802
45739
37641
40840
50900
18995
31408
41182
69065
56034
60770
26069
23406
31119
16074
40830
75825
64572
44727
83345
24394
79607
18309
44666
68980
40310
91335
61808
88270
11613
77344
75292
57173
81152
36847
18263
10030
40413
35097
96342
72080
84901
80687
2630
25078
8010
79394
27541
19345
4778
88351
53270
91896
87545
89396
312
53662
73364
78211
48639
93589
68296
64701
46163
90415
39951
55599
27143
61567
790
79255
12532
97516
46145
52696
97681
53510
99565
4637
64173
89806
86940
68301
91226
88094
86330
27135
96064
56981
39707
62515
33397
56919
20402
54923
82385
59081
32532
94990
5732
92635
69320
24288
75578
52967
24683
13895
38877
49346
95072
62911
33554
94145
32844
53540
87703
79893
44024
35356
25997
17169
15539
39443
680
68184
33829
91714
48894
40094
9130
51487
43346
62372
9835
46385
70963
99911
56758
39894
57462
79121
14904
99938
48900
42857
56981
41649
9627
52397
29793
20634
48848
95406
53921
57561
94280
8151
84412
5724
59834
14728
23965
17131
90233
70317
79310
19942
63954
21482
26650
20736
24849
16606
36892
10175
17167
74250
43707
62305
96184
55811
17542
24942
25198
78076
93299
6892
20883
94362
77339
91250
20595
26879
15162
17544
99086
45680
69389
12981
56201
50023
28051
76311
77955
28028
11965
20387
27775
51031
51820
51487
89652
73989
76378
23340
1932
33893
42297
90291
78516
72101
7902
92714
71639
73554
36758
45767
88844
94234
78567
4898
79509
90693
80699
31453
75248
10939
67578
62023
70810
19426
15030
6207
16238
53960
3351
9557
45474
54390
47519
87873
48614
86764
37741
35059
86900
91269
66050
17817
64465
79562
27395
38943
12176
69638
36026
90101
92861
23477
65191
55658
26677
89322
56355
45183
91061
86673
7825
95314
54885
84490
69793
31706
15460
63445
66342
26094
14416
61180
89987
24080
61612
99759
42163
83549
10767
73013
75904
6974
62268
42937
15953
41189
50029
63461
98401
14807
46160
83940
48981
97523
26365
12090
13851
515
19681
92256
26281
94490
22844
61428
39946
56328
58178
58053
19441
57964
91413
26635
49079
33950
99349
66039
28715
87493
38605
52448
1065
74116
96144
30944
24944
39240
73269
36877
28637
32893
55190
72177
62864
32340
87580
73436
32513
63183
59408
44960
94309
37163
70006
90849
89858
63970
12839
98058
2755
34359
18098
25329
92511
698
2516
37557
66367
38502
84035
57695
52789
38798
48889
95860
2284
75986
34079
86720
34292
21645
3793
63058
32485
85849
43679
82534
60984
36160
63723
34963
15017
73444
52361
70322
67978
51261
62161
62606
54668
10894
59982
52631
25519
64772
70341
57740
36788
77915
7310
71139
27504
74892
50807
87650
93980
85203
95961
63643
54430
27617
33594
85730
65538
53248
56163
15474
79285
43131
70156
88256
71683
22186
66677
55933
83119
11365
64639
51794
27927
43887
1007
71999
69626
97004
2890
45692
50207
59163
13639
81222
2899
55101
90028
74175
3904
33979
19811
37740
70418
25632
79783
78219
84844
6015
78645
22400
34330
99049
99144
43923
99857
45048
59132
45639
86409
23971
25381
54952
10438
74336
2962
36126
542
25564
63546
80964
76080
50350
1103
15884
1194
88488
52971
2160
77247
4667
97206
4709
67430
51126
36047
7009
75072
35705
53251
31358
34598
87273
95462
70575
61301
23326
33631
16717
83088
61379
94629
76015
3559
80788
40009
23114
79197
95308
80964
65667
88905
1862
91236
66906
65751
65571
29655
81914
64974
21744
67316
55556
35864
2868
27317
64917
4727
95192
90389
85584
68488
33957
43620
93682
7246
46316
89383
90504
31079
54117
92816
6417
75925
27339
57134
72999
38821
98639
62987
14622
11125
42963
96190
77864
93906
84507
12830
90439
46785
53656
55015
79949
30013
36855
32865
36159
25826
37586
46672
80562
57804
26432
14985
60697
56527
39961
77358
861
51077
15669
22570
41067
47
11269
54191
23410
82764
1563
89796
51520
84966
40286
20265
67709
32489
15970
38249
3584
68001
14622
36862
61180
91418
59903
89187
44811
26293
98713
87310
66448
79671
78009
34287
26365
23478
95398
54336
94904
77874
50345
47409
21504
32856
12374
58557
17161
25319
39211
15588
54959
80953
83420
9908
580
95325
72987
65690
93356
60258
71783
89479
13748
29415
10605
15678
38252
1300
15414
40644
68230
12249
29476
37528
93021
81113
14036
98253
68443
6897
36750
98159
47087
55276
66990
38084
73510
6537
49706
35748
1532
81612
57877
89408
61148
92911
89630
62343
99277
25588
8085
2003
83966
72784
90920
47570
11352
9288
11602
54697
96920
15837
42918
18202
88234
8315
31517
92615
28882
72725
37744
69472
48657
68562
10410
65454
91789
51724
64689
77759
11018
53847
99414
49987
68488
35168
315
90043
92392
20482
21774
6676
5258
50523
19548
75228
96758
41803
17834
17611
3873
15153
67491
98053
63539
30414
73926
84704
24676
63186
76722
96749
57070
12502
37178
40381
91432
76753
67726
56319
96688
89024
41899
668
88730
28962
59233
90464
39259
88767
54977
58937
75118
13377
87908
50120
19757
43541
96434
41819
54150
61276
67427
92816
53688
46960
81954
88244
39272
90199
49865
33134
25899
20105
24323
3121
10083
66094
67407
43320
30641
10378
76427
82130
32016
15832
85514
43330
99756
94402
53980
57523
32253
94436
76126
27817
27908
84546
82467
21457
87428
85940
27964
12898
26649
95490
39379
80544
58516
2264
48700
96610
81090
71229
31927
99585
73661
58692
33677
94857
75364
33758
29395
8264
81657
77476
55116
72025
94638
17041
69002
92585
64134
73697
27560
1936
78963
6819
82452
11510
2116
62640
88205
79440
53655
61912
28946
43321
41349
99753
98058
35818
81479
75770
49359
45101
67566
15615
29405
69134
99030
85242
60715
29228
99365
43678
38245
9072
89487
64141
83163
42579
67465
29954
20923
94072
79630
27001
67090
95721
61244
71467
37148
82436
81824
5657
40428
3315
70606
34366
53207
31225
41749
31798
12729
42693
79003
24213
80581
96932
36693
65062
31665
38299
10087
72550
23083
42618
11478
40337
64346
63218
22613
62470
94184
48941
3533
72706
67728
14733
7839
14148
99941
5637
74747
93911
66272
12971
21880
44295
67747
86609
66953
63474
20545
48170
98590
99230
40329
4686
20083
20917
16713
99715
31008
93914
73272
28097
25969
40515
92611
24251
68219
71192
5949
58301
1650
2132
62943
53772
97292
56471
41305
726
4755
63696
30789
56824
78774
7222
26923
48323
43031
74367
60530
81204
18748
46026
82554
16073
11417
84769
50795
82112
82710
94475
4252
80298
48677
81198
24191
72578
43632
2464
53013
35508
29898
76354
30745
51151
137
67833
8332
37982
50246
34565
16878
32729
6008
71226
7663
29278
68285
48250
60349
29516
71017
12854
33747
21755
42765
46095
8407
5517
24900
52623
42482
71232
66209
72723
19150
19361
73655
56513
3515
40602
87630
57828
79130
68727
83991
54848
19616
87288
29199
70335
28414
8684
87765
7370
35833
254
30655
46239
19749
98572
1807
50278
14807
22575
37232
52112
32463
42624
91937
44963
48876
17819
38042
55053
28651
58734
73044
13731
61691
92952
23803
33293
9509
17553
53538
67218
20846
71799
48253
20991
83707
90557
16403
54269
60120
78650
33456
83365
71905
45609
53725
13298
41468
24548
33334
35991
9733
60420
11132
28939
92472
86854
79919
96547
27365
13263
39291
15240
89732
92395
25704
3272
71790
39831
64351
99865
27035
34220
11288
70268
92202
47862
77717
24261
10822
98935
59379
56272
57038
86220
73771
2855
86157
25905
57232
88176
21368
84651
59974
50130
55090
15219
58846
94082
68614
90602
58973
20019
97576
94532
87474
55864
74824
3655
58547
52705
69595
29087
14754
27855
93133
39906
70402
42170
64670
74119
58053
41324
45681
62640
81077
49906
41819
27104
78552
49896
4196
47737
91216
47202
53824
49587
43533
48060
49432
2229
9498
44513
46749
75981
97644
5274
92013
24601
72230
60009
33128
28386
70581
17441
17311
86169
1797
75989
71036
85385
70352
78811
99080
39881
35303
75559
35181
32894
85200
59787
99839
56508
12147
1236
48261
10961
19438
70524
37075
4619
43463
6561
38854
21224
54044
23095
79033
16888
70244
62910
42289
42764
97173
60415
25970
64114
23332
3647
36047
25317
14497
35251
93820
54823
28394
69806
46429
6806
76121
98968
34203
68332
25744
94511
82438
80250
29377
24501
62561
49822
56140
367
69492
61680
31920
25724
73339
59342
14269
26641
7590
94708
43328
63774
83959
85017
16812
84921
66722
97308
30251
96925
43645
80077
69038
63831
49735
42895
98294
96065
1793
10635
39481
73948
52965
76234
41869
47361
22927
72114
23632
30836
97320
13240
54916
28405
83656
37649
62693
16528
84536
49971
39880
4187
77879
33082
59184
54865
98520
14380
57035
15322
73271
43639
94506
82109
56508
8419
74640
89795
69645
26816
17989
78068
22324
67059
87648
44757
62860
41139
50239
67348
57303
58550
98062
35615
7404
29270
70161
82938
55213
67427
27641
51470
48863
5100
3103
3566
20581
56262
66418
48101
28424
88292
10592
3298
12915
27531
34574
34602
18961
51664
24095
26798
71736
97378
67980
98527
94687
22245
53468
21252
74517
85241
29983
43329
75688
44683
50063
92256
42688
87552
54367
28068
83460
53183
70520
77769
6027
12206
32714
11416
18716
39783
28250
15421
45555
9021
79990
22208
11687
87161
20022
47503
73916
35376
98274
54812
79121
3061
74714
41817
31699
27231
62589
68746
62233
9357
19474
60967
95540
15222
54533
41146
64034
91381
61233
4811
60438
29391
24263
41490
58585
42902
40054
74414
6726
11201
89645
82007
57815
13752
63964
45051
26754
90823
87061
8947
89752
48405
58180
66865
91925
95219
62273
28383
17916
80981
33030
57622
46834
70510
29707
65474
68697
74194
59872
81825
20888
77294
72422
2535
50511
5028
66520
71596
19689
11487
97162
39674
67567
59687
64340
81142
95339
46190
42717
23852
89475
86343
466
5255
26968
27258
38478
49024
49802
92542
20524
81398
83270
85045
19949
49579
46171
8665
35029
27090
39422
72707
9222
67885
46492
1814
71509
6148
21516
55417
88712
35570
54764
72820
31269
80841
23191
93095
42421
3331
87321
75361
60736
58523
87085
92200
97573
41653
76758
55292
65049
33176
12904
88510
11878
39223
70177
31330
57343
21651
81542
1279
39396
10011
39298
8126
68324
3368
94937
99748
39462
30973
73030
30461
54335
22498
27451
49995
90405
12704
77684
76569
10635
83759
17609
24525
30839
85580
28475
6202
23637
43748
76598
16414
40224
54773
82461
9047
36105
68425
21908
76742
51914
75694
17361
98283
85885
6945
33100
7701
51209
95347
47012
80491
10240
78634
7963
53114
15895
55954
32980
76095
64001
13034
22249
52935
99520
93418
66217
80724
87729
38782
24139
37520
40395
72345
16817
95575
9490
56774
17522
38692
26874
7023
31878
36135
2702
79464
95497
89762
5168
9974
48423
31360
58543
72694
12042
37335
64826
37471
50064
50054
29391
79405
41741
82784
55309
73716
61915
45526
94505
87111
86277
3038
88936
13668
75833
28921
64423
5288
27278
36583
54645
56900
59729
76638
29228
46264
21513
13981
33623
14940
18976
5156
82829
16664
65018
33037
30027
15339
91987
98028
81376
80080
36772
20755
47900
20632
20374
38786
98796
77340
58512
69273
99293
81623
84066
65778
13989
43154
43255
5243
35130
53820
2379
4599
54725
55449
24271
75740
54677
43726
52688
14648
10906
42685
78998
97674
93353
16756
91745
40188
73796
89916
72114
95949
46859
80929
18549
69633
88038
17756
94995
22387
92564
97769
68283
52250
30664
96135
16480
55145
51192
33871
22104
3313
63656
10801
10898
21528
55702
7896
28434
33279
22680
81869
65480
43346
30210
21992
5983
72575
50001
51084
61345
41803
34754
98504
85839
6671
35590
31184
53856
41533
2018
81049
93465
79863
34933
19489
1224
21522
93699
41409
56129
15606
68499
80231
11207
55347
97996
24593
25387
10128
22666
2096
35518
45476
63859
83422
90014
18331
21426
71183
24918
37897
71816
46683
23856
19754
9059
3322
64844
62910
41418
30966
57276
93237
49553
74020
9346
56687
82559
27747
11429
62291
53757
43723
89498
26788
94179
46024
41647
14819
96856
72234
4409
46915
31520
51533
4333
71859
42261
63043
83364
69838
94507
50593
82875
32414
55177
84535
40565
50732
3558
17884
63427
39277
31320
28136
60258
60563
49675
73731
35707
73442
43822
54960
97464
97095
72780
60786
55571
38055
82668
27019
4730
77973
42402
39892
85843
39776
297
36264
32584
85044
24491
41441
69779
93381
74803
14983
77925
87139
94767
63292
94057
6615
78796
40968
32610
15734
38237
29943
71897
77086
50237
27718
66406
18007
88512
13723
74872
45264
85964
80807
3168
26665
7097
41174
70659
41955
27251
4536
31721
63294
59046
22279
57733
85945
87293
64820
18613
63670
71756
29136
28672
49873
78138
10810
30126
80260
5506
47841
71159
37950
60839
67491
56837
2588
43011
39060
919
86954
74512
79862
4803
246
49186
9486
98948
49522
51847
54769
7081
16831
41438
90408
86759
13437
574
70155
67188
83183
29870
58126
77363
80212
68654
15698
17685
1248
85917
94226
93000
21232
14247
5223
46893
6325
52161
83135
10864
77479
82808
51182
21534
44800
44765
60377
35985
56277
53381
42378
9245
98628
51126
90988
25099
99163
83142
39114
67235
52670
31367
93977
89611
34019
41083
49605
15793
3237
12169
4080
25357
61645
23885
45036
5721
74008
67406
62407
11341
9312
94101
65159
55272
81023
15978
56055
94218
94260
55903
4279
29259
18344
2335
82047
38161
87075
78966
88188
29744
25276
77149
9016
35496
29960
957
64963
73602
50548
81098
85869
96890
30888
64394
5973
73605
53288
54085
34824
86269
97824
437
5858
48776
35410
90690
33406
19307
30438
83562
1996
66927
13861
16370
84740
48635
2827
48248
8712
92065
85008
84319
65796
26723
48223
53238
16721
22331
58857
91784
82896
96715
24776
62146
49249
69313
81428
44832
28471
73333
86254
24470
22894
24499
46317
21105
17640
14651
69006
86008
14913
3133
10405
33351
11380
89754
32472
32024
61420
62138
83904
76591
54264
27854
91376
43213
65995
26081
71723
24130
22577
68914
88292
91404
49787
22174
46509
52033
3825
63054
90834
89055
11858
41086
59962
27000
73533
53276
54592
1315
80655
41428
56551
24859
59617
35694
55777
56920
71765
75248
74717
23866
79621
23623
35612
4519
56263
94891
18859
53619
34458
50456
91161
95946
44404
64710
82334
95179
77387
3829
63944
33844
39961
57806
43238
93694
19737
33638
19337
25970
54515
55205
59821
83062
87495
26389
28889
8281
77274
51769
64200
71768
68694
43876
85703
46836
20953
8820
63198
14191
77780
55550
82920
31786
93224
80962
8584
78632
55536
54464
60609
26347
86094
56985
52455
19769
24217
62999
58711
50360
30721
99816
78585
95402
65734
52235
67538
8058
6365
99609
62563
17629
44455
16245
78222
12876
40877
89756
21125
43843
84036
15199
16595
32124
34460
34917
70319
54475
81499
5722
87395
74040
93740
23033
25677
39131
58405
15404
39633
79290
26695
67520
80164
28739
32418
69654
69892
5155
27477
19382
49484
18537
24037
45516
61488
11030
88485
58624
80268
20517
90312
5987
61054
38720
81277
48025
38176
79426
96719
19727
37344
87455
19860
70040
25720
80154
44187
37166
54841
14030
71895
87539
17901
36742
37313
92054
67878
4887
7699
64816
9485
38271
52593
40310
85607
53931
74160
43266
57613
64485
5986
95437
9807
22778
82039
3752
3801
28125
63717
74437
81589
38405
26008
52395
22637
43302
49900
83658
92405
60791
73769
34333
4220
14184
23643
43179
86951
36207
25094
29215
78822
28905
44507
89230
80439
50694
65236
85879
41370
2822
84832
17877
1681
48259
76892
90011
37289
21511
87196
2116
41267
14567
64302
87692
94123
3569
27616
20156
8120
73837
68076
81657
30186
9015
21879
56578
52848
17217
92297
35946
94729
7049
8717
66049
72330
95193
64026
90073
27685
19569
51318
49026
38441
79306
30982
76307
74570
84769
12839
88370
14962
47078
76172
75452
61167
98215
41225
93975
44554
3214
85269
21294
7398
97109
60269
51371
60057
11394
56088
81945
66562
1278
96181
53366
22454
18359
48754
81346
72867
72736
86306
16343
41405
7546
74004
43260
811
78636
7284
88304
82205
9964
86874
19227
12183
39041
40897
57598
98190
17224
26677
81664
98246
33395
36581
4782
81072
58627
42350
21747
8082
70942
63649
45145
54106
77863
39050
12487
37034
6298
53178
81802
21983
7090
84445
86050
35472
9189
8444
14131
77961
3733
65272
69227
62694
83743
79345
611
30641
47865
26935
5078
32150
70956
38730
22345
56702
5239
28079
21999
93837
45612
84355
54140
55873
11789
89155
67098
18770
70136
42254
73926
47364
85979
51907
32922
20833
93800
85872
40352
68563
6207
20865
38865
29389
68616
17402
49894
24302
16217
95013
963
88855
22164
43820
57930
7888
27817
50316
11040
91161
15305
2747
33022
19288
93442
40126
35690
77092
62061
35006
90413
46061
83881
86036
60418
83809
27871
43921
12209
31501
22718
33909
43551
26673
35727
78451
9166
27037
31861
57148
89966
26396
15916
35711
44531
71296
96039
27995
72875
3227
77513
76866
91073
3228
48340
91667
51469
4836
72087
80676
66877
45846
40115
13397
80985
61605
29375
77911
55451
59377
6193
21700
23727
96999
33966
81968
9466
19476
53746
26532
87225
83696
99109
76133
47202
94791
53264
19138
82181
93872
60845
18389
50779
25696
45761
9259
87263
96232
56643
65942
36974
38535
78272
73591
34434
61680
75407
23498
53775
46123
61377
91848
15713
137
1441
59782
50339
7709
50440
98532
18225
50136
32031
63976
51445
61805
827
68894
95720
46802
80452
50785
73972
47076
98363
14165
91719
79354
1091
18846
17422
63640
70902
776
77527
61758
88153
27305
8852
69528
59162
29265
30283
60818
18555
34537
55999
58496
99136
71337
97952
47001
67463
38851
25211
18063
97156
90726
52921
16016
83553
39777
91852
59244
19778
57626
9956
39613
98504
89730
33824
18960
89395
2863
77470
70959
27742
15528
76203
47706
52331
83934
67058
18573
92463
23598
94676
20946
43574
59752
67113
53879
26785
45903
82989
59811
74652
41804
69813
30684
6021
25041
95190
58977
71134
61136
98411
13280
71008
62881
53711
91315
53351
38916
63252
53364
86872
83749
71461
76770
6918
78448
87506
79892
18371
71423
84775
66636
18900
35254
4468
28488
96836
46320
60542
20831
67112
96917
19723
15147
31862
31486
25318
2854
41034
66204
50300
75694
70327
34981
47439
17286
84003
50066
47694
89988
28523
55071
78259
37300
90756
82513
55830
61287
80519
72797
25954
61883
99947
84995
63875
70691
59857
50235
22348
73604
64751
75666
69987
29626
55955
39653
735
62507
17129
11036
94987
24040
60173
14767
65565
97024
30054
63177
55669
9883
26711
32316
96840
58276
27432
85182
12285
44402
75881
93851
27417
15449
39307
30828
40897
33090
33497
67381
21762
17812
1419
69262
90184
89567
78577
54616
5057
61895
26880
88748
2575
44322
36854
96729
93444
9672
43132
59462
51714
72078
30377
17369
65340
94652
99873
72052
50424
19072
4391
70186
91577
51680
69491
35523
99648
40500
5451
40949
70539
26811
38390
71433
35502
51039
55184
64771
57683
76674
38593
77393
91976
4097
21603
49589
91850
84990
44564
31137
60233
57140
70354
14145
78459
52532
5929
6048
16003
33841
19585
37681
33354
54428
94049
92985
10649
57182
47447
4827
25040
76372
4346
8613
39989
5617
91144
8724
62541
60502
57939
95410
80604
86386
44355
41693
62463
33594
63472
89506
87220
92681
57189
97229
44197
4466
12108
96803
34521
80599
99746
91280
81737
40167
27743
14476
58632
39532
57742
93124
50937
45438
41262
38888
69101
53044
33793
14775
26881
778
17210
69062
31268
31007
70032
70294
16088
37073
99266
53111
81191
63516
20316
89854
416
16232
18709
67226
6273
92871
12294
80713
35903
76842
88471
40757
60290
86490
16489
88657
77686
33381
39233
87129
26563
74026
32012
14283
90948
32193
88523
87842
25292
58836
83185
74385
12430
80328
70153
54819
98941
48144
2467
14362
24714
16096
44556
30478
46742
66432
64536
4407
43353
825
95196
40831
98846
29393
6121
28824
58670
20823
84575
55018
32277
62313
55621
30420
45151
83004
5863
13295
1860
49421
16299
9477
69815
57003
58350
36301
28911
39358
14892
22909
78331
78747
99135
32768
94718
40475
19406
41230
59770
7922
98706
2418
69608
21678
51379
14564
6740
80804
92639
31303
59719
24230
31084
98796
45572
20648
69035
22594
24552
53125
31287
66670
6441
82004
65885
37714
16400
50096
73984
43422
16199
93737
77732
78124
69995
91656
92094
87199
89888
36473
37270
20015
78039
13671
96448
72460
21338
73770
11387
14471
38769
16459
66797
16644
70542
2673
46086
73310
29671
62388
44307
81394
43119
24593
8977
43831
4715
79405
97063
65725
20375
32722
7336
19969
29789
82690
47501
44437
67556
69119
41285
2989
93585
11825
82516
14249
70818
5408
34426
46254
95191
28622
91783
17874
42750
4293
35384
91222
73743
60192
29887
24218
35480
28041
44693
95042
4862
76401
38699
25067
95985
74113
69078
72856
15541
84490
99506
31857
36285
41256
98321
94232
24322
1567
84357
23194
14411
59320
65777
89438
3356
7850
97839
64926
23302
63900
94917
76828
44345
83524
32122
19968
95146
56693
99726
10705
34131
84972
58137
24146
82318
54060
90694
25074
93547
92087
17347
66299
95321
5072
51797
62576
74044
33283
59398
22675
78449
27478
83377
98767
79821
40648
95604
13328
13380
86436
56472
674
414
12028
13327
10095
14869
70105
34489
16445
10336
42967
63589
7009
71497
1147
92589
95683
42393
26890
33208
78966
29505
25338
69434
26746
46611
86662
3966
23639
12770
3732
49111
46625
29967
98164
72385
73671
34191
39908
29120
85798
51101
69768
30060
1912
27688
5021
57463
35547
44594
44257
28679
8973
58519
53067
33786
30765
26389
68874
1417
81649
78922
17703
85332
22104
28181
30880
68743
6019
9588
92824
15166
72161
21020
16286
11635
98016
32188
71312
14582
44335
7405
47069
40186
51710
43585
75865
57418
80040
50253
34514
2258
96838
6845
72189
94073
22609
26407
92106
91793
6785
64553
38565
23185
26030
4658
1394
18713
29164
36320
82048
34565
34557
11157
11638
38566
61794
66472
40314
82390
52197
95956
25237
41893
30028
29218
40461
208
29494
76119
35991
14764
10858
73366
97640
69901
84121
19747
58756
64147
48920
19688
84687
64900
81216
41100
30479
12728
70894
70309
61885
66852
65921
18641
35269
79631
92344
53339
74539
62540
78791
16077
93120
27414
76843
54592
3046
38504
79190
91341
16610
45785
90546
12265
15065
95374
44851
99046
94975
19438
46878
44500
16655
5797
3334
62250
67325
49173
77258
97004
96709
90084
92987
86658
15706
7190
52272
73441
28270
52421
96895
66955
81302
42230
90411
27033
11998
89079
4384
30306
68484
50605
84370
19252
73556
48656
18009
96180
3488
87848
92033
68279
59116
43400
39446
52397
62691
16938
19663
94933
91765
14061
16408
95544
36526
77253
678
80328
92465
55750
847
73105
43150
30477
30834
41243
90393
44800
8364
40874
79076
89191
11388
90286
67313
79009
65265
71686
9729
5880
38023
18972
44682
45294
87207
30964
48942
46116
62801
84909
58886
31111
58307
47636
73673
65565
33206
45433
15181
96756
1038
94309
87977
18184
54902
64235
87952
41009
85730
90790
1686
61472
38233
66234
51184
6383
89619
7518
35575
2298
24213
6392
99590
82459
72638
43239
56949
29686
95702
5400
78216
6116
86173
25683
9685
90266
35327
47900
93487
57963
46605
79785
5681
75403
62581
45941
38520
57087
91100
50857
78031
14383
13220
68053
99634
71570
55739
7400
50853
23474
52943
95913
57260
89337
65279
53914
78674
77795
19786
72348
91022
60031
4802
8909
17504
76569
33825
98816
50551
77514
40192
39233
85016
96828
43612
81167
20464
57320
96300
84178
41502
6844
97324
7064
3493
7954
24060
55500
24144
23756
24047
76709
77289
93107
31574
4665
55108
24265
68400
187
62786
74197
4906
62281
74708
37851
44864
21115
73845
17797
13843
38357
33567
81565
59510
46298
24487
60445
79986
86769
16918
50316
19681
40771
37347
88424
20609
30237
45900
46621
83954
46519
57815
94615
97469
65356
97186
98604
41180
20768
56364
47349
80613
96433
2545
33312
132
2864
79230
61545
43958
30272
21918
74614
36476
38236
9842
64374
45614
86102
49814
12295
59264
91229
16176
99971
56987
80547
74092
74228
96577
82668
75605
37902
20647
32878
10518
50793
8529
64953
78887
83202
43252
20339
84734
16799
77720
36477
82508
37714
60621
48436
525
71757
91109
15238
67615
11208
31953
18893
13567
12721
97933
95025
23409
10869
30625
97590
29956
26072
63993
74908
23957
58653
58542
81916
59011
4433
6411
79134
40750
91336
71516
49449
20270
34442
16995
82032
79503
61974
18048
84486
47645
44399
98848
79977
56895
68553
64415
39924
44483
23732
87972
94066
52385
34649
84376
70304
32698
44789
93023
53049
22127
35328
66387
8994
39328
26364
94406
5699
83938
62649
98410
52391
28824
58270
20189
21326
61786
85256
36772
87395
60307
90788
61385
13522
40573
62462
55051
75479
95124
66563
9842
38033
37394
78528
41438
72885
43031
45768
72851
36097
4157
71323
87877
3670
24760
64685
57515
35405
85670
66586
31192
31819
54165
21944
43763
69290
23198
99198
80449
40797
62489
42954
51665
54446
8302
55522
7459
51190
56040
12725
84622
10910
54851
89317
55367
51184
9952
15754
45188
48365
91387
75437
64738
70133
69761
6068
8811
27730
36356
37044
71620
46281
60280
11117
11301
4480
47618
99367
83603
60624
18922
3289
66181
489
6575
61041
74572
9009
17728
12041
29981
65314
56007
74844
78748
28309
64201
90168
43965
56253
55150
26726
51982
3673
37146
81250
84060
398
7216
45408
20416
58648
53314
77588
60413
65668
48417
1004
90604
1333
78361
80505
23108
32372
89940
86212
2618
39935
40749
59791
15065
69945
70713
69328
60883
94345
60035
58131
51397
21672
3590
7773
83222
41242
27635
57271
98217
35309
63448
25172
52801
93234
25724
38712
40008
6683
63798
4866
65200
7904
55924
12599
84160
41719
5139
53635
61894
67658
19056
38815
69179
61701
87095
35664
67357
83690
54439
94273
87913
85972
42860
6850
36519
96140
33151
79009
53772
89772
41917
66182
19703
82934
61607
50968
92423
1874
71074
56615
73043
30882
84049
33655
72951
52121
77744
66658
84633
20677
58741
51113
83995
89995
10302
77360
84994
19533
39551
3726
22843
84931
37113
58169
40570
87372
24111
27314
82721
36395
55726
81171
77431
88696
86949
3912
47373
63214
55601
35478
81661
15503
42772
37290
12388
76574
60528
86465
86275
48640
91251
77751
37582
91027
85574
57675
31240
69310
75645
84116
87299
1614
60416
32676
64042
25546
80215
71390
90930
84520
79904
4109
69830
25120
35193
43734
99401
88215
70424
58873
35025
44000
52368
83425
46752
95960
53848
40015
57801
77640
21003
84486
68590
72840
53681
3214
65030
45849
80620
55521
69156
78934
65392
49993
81919
11237
7154
57710
11096
25823
13488
99644
53728
91390
66117
44117
18959
82207
41632
36551
77439
75670
60561
88732
73836
74117
90768
24178
34064
35316
56490
71611
49656
43975
33444
59484
94296
98575
15870
89241
91142
62223
95384
90438
47455
8830
84650
9697
24450
42892
16651
38743
33219
18731
81971
81036
31978
28485
49309
75257
58981
93598
22058
56542
63462
95221
23044
68514
62259
43943
98952
26690
25160
82135
55104
2064
34137
20042
1131
99798
44026
61230
7507
66250
30185
43395
46432
6917
50861
13716
66600
72658
28968
71963
75244
69103
10358
19094
52199
46341
20971
87707
85380
55174
27913
41882
62875
97881
16650
95851
99048
84640
68333
62687
90797
68014
12993
80232
76271
60806
5407
89849
17399
27191
84760
9257
93871
15169
93169
12604
74395
26515
61707
29543
95072
79763
67855
17742
45845
99563
33015
62041
55051
85819
45994
92682
982
71302
78792
7755
39689
70910
42209
94378
33771
95072
23352
72891
24002
23170
66424
89822
23352
67441
98039
35280
1161
57619
17118
84884
99637
22001
97107
12986
7739
63354
70817
80479
7581
42005
2506
89478
74665
20730
34632
95770
38496
36414
99217
49415
15840
22662
92265
26617
31066
35808
23432
43689
13058
77965
11924
98431
73775
81433
44436
64772
42136
98340
9585
39495
88133
95500
94755
27786
34365
32653
27386
90274
58348
50338
28728
37517
76094
43622
10725
72133
66750
70939
2243
6956
27867
97064
38422
69901
96891
99648
41485
92352
80547
13171
1529
42934
60242
24406
1727
945
96054
39486
63800
32714
13111
71706
55870
4082
78779
21456
90291
60691
51681
18070
70841
77204
67367
34518
18083
91851
148
67968
24458
6204
48687
36075
76646
22342
58089
44320
59453
92569
67164
61547
46017
72765
60117
68802
56373
80503
19445
47079
57621
66092
84086
72128
45152
15816
75103
75888
53733
84856
77839
42506
42022
45628
34687
89717
70041
41505
14098
94256
41325
42043
68351
28229
40079
60402
14522
62209
27480
59873
65661
36192
4937
67210
86001
39137
73567
24467
91193
20529
77765
92691
24461
1809
62687
65440
52959
64568
3821
44566
17260
76801
97831
22634
11097
53809
8285
72938
73800
98553
70061
47917
61792
54487
17016
7286
38434
54197
98869
96341
54645
40974
96192
75507
6356
87088
99649
41940
60491
89385
54139
14699
82246
42115
49122
16198
92727
17293
54254
35584
69281
31949
2430
85239
54385
86400
11054
40181
49391
35798
65520
18632
34707
95797
72714
37728
74615
50916
24616
15744
75393
97312
47954
96140
73451
25125
37173
31676
34678
36950
22220
60978
11035
6417
17829
52860
25770
13720
9625
94662
48004
18444
84681
54793
97967
43146
49061
64805
85578
53300
85625
45624
28757
56498
93650
88937
66787
2209
65995
28432
86874
35395
49476
33545
92410
26861
87086
86913
69993
59477
88682
60860
87189
45957
31089
26754
69277
83421
37952
86435
13919
79695
29928
23568
2658
91111
68325
96207
23347
71507
61007
59041
77960
99364
94780
1960
17473
28408
53631
60537
87834
41668
34294
10869
83274
18740
27253
3856
79745
37822
54943
8212
35498
65955
90438
843
63660
93828
87626
38871
92570
6643
32545
6050
42512
92213
71213
40790
98995
31707
73697
64057
67215
5764
98795
65854
66769
53036
54283
29579
68092
34313
87673
56249
51477
85671
25922
75285
20280
31327
56612
41608
2929
47555
47666
358
94113
36757
65877
79796
65840
63976
62351
3666
53123
29227
65650
32502
29665
80655
14805
54976
20398
75547
12266
30671
98307
17474
78693
86967
40748
49527
81423
83678
66028
10806
87390
20095
75393
37366
17954
18505
81336
63400
46884
47093
16387
56097
75909
75139
10826
47223
60367
82962
14513
5934
98425
58612
55929
88222
21248
18158
67763
23114
32401
56165
70832
53109
17448
33287
5247
74996
91860
32801
92809
97975
74726
49945
63291
63165
76865
81521
15758
40039
33076
70598
75898
20247
64290
53453
9243
58308
20410
9918
42237
45266
46288
89330
40002
89541
6657
23641
76063
87565
97898
15463
67720
70312
6980
18162
41428
58827
7948
91251
34011
76613
71741
31363
27265
95712
41744
65329
94310
58513
90420
45132
64482
45577
66400
81150
65498
40616
42701
44017
37252
50235
21485
22210
50119
23400
74751
86369
78123
37863
6215
15268
82712
33685
56591
79343
84866
70853
4944
21766
33020
79856
77000
88647
99586
72514
21866
36407
17148
71896
73804
17810
53135
92328
48572
393
3695
56691
48037
21468
23366
55424
24720
31428
93812
1719
94145
352
51180
2175
47126
37865
17317
90622
79079
91226
9374
71481
7031
6967
92667
62436
47807
5840
71489
11544
75279
50139
72531
70091
70033
79959
76613
8253
10930
84645
67906
66387
40674
91939
2954
37598
9781
76176
17072
71192
39297
15388
52909
49147
51219
53468
56718
3603
88017
69854
4265
65254
24607
68153
41934
64359
36601
63528
45054
59453
71052
73986
20456
77702
27968
52055
99995
38155
30524
13929
91435
73426
23496
35935
62260
6420
23875
46026
78397
99783
52966
1525
83760
18649
25632
7875
33065
85508
5938
55340
83149
70486
16148
19989
56759
21805
3363
87917
16247
81246
72908
62603
69928
97857
55493
11050
13774
98128
19209
51153
49485
64222
62514
61557
14858
59103
10619
51873
68073
1254
56023
78944
77091
14562
37211
94580
39321
29092
72066
97879
40353
36483
23620
92199
26148
95430
89543
19848
12449
12647
51864
30709
74166
3294
91785
8623
78390
16082
34206
87103
6842
5395
4856
38
86205
59426
10715
55553
35284
74109
26778
62628
47163
58309
82502
59180
59034
89668
65044
54385
69186
48673
67298
13599
90828
85041
42294
76235
46651
63361
77893
38485
8184
43353
56756
50872
15795
18035
41395
43669
4954
73982
6587
9392
79176
56446
46897
12162
15423
58602
85448
78127
4629
65851
27984
44295
65324
4366
10497
1628
58285
97218
49642
72761
33054
41300
35785
10970
9089
9101
65059
84301
8201
65134
80978
45032
9807
53531
75352
17339
33684
61467
68551
79325
86329
81241
87363
39297
75881
48625
82216
2571
32293
86059
17482
47168
12657
32119
31756
21367
11080
45075
88633
27351
41097
29832
25273
51274
78744
71889
59123
83416
79919
76468
18371
88219
732
88344
80042
74364
9893
73327
32732
81848
90103
22993
51699
50139
82930
20143
22504
30823
21891
19118
36333
2598
60854
49722
94253
75797
60446
69672
70420
95399
40459
96801
6238
13512
85471
62394
70191
74442
28043
62150
95836
66179
81541
71564
1029
89436
19109
18385
33080
40320
303
30399
73490
15910
8403
47014
76329
71969
26462
33096
34553
58765
55636
97297
27389
58762
85602
47784
70098
74804
51151
99684
73727
10648
5393
92692
80055
37080
28449
27170
57731
49984
18976
73150
25640
20451
81443
66147
59373
18347
83948
91080
65334
92920
15062
86279
48059
17590
40575
45221
41258
74022
63051
25858
78056
88875
6912
48696
34076
54331
16043
69155
56634
58197
42877
99272
7878
17904
75549
29614
25802
29893
16247
48153
8288
70258
15921
17184
95498
35349
62557
7979
38674
52921
63163
32691
87484
8242
34686
18086
71703
421
68359
3576
4547
49657
62016
71655
79045
61624
67511
85574
83657
57187
99684
91081
76692
91030
80156
17992
62811
3512
18508
35285
40304
28427
24219
13136
9397
51324
74461
82216
72321
48291
63805
26471
62904
33020
20422
53219
3551
8939
66732
51363
78247
79974
62851
89403
57599
57724
39892
23468
64989
93563
14499
99131
79273
70778
45766
41383
87733
42364
91023
38790
9969
19292
76661
7059
3823
72706
50742
8409
51535
94095
92746
78362
39790
50896
43844
91426
56770
55691
54803
9130
66291
83179
24216
84309
39502
55621
64125
18748
85380
48193
47031
25071
68189
557
2810
23580
6269
27241
53768
21284
20127
47715
26038
72321
98140
17453
16953
30228
91856
11545
19441
28025
91412
89298
54908
72759
27144
79487
36401
61875
26169
9449
94691
89669
79524
81332
84063
89223
20207
35685
72721
96492
39126
23442
17586
45913
9153
75025
79470
11629
62307
19981
7734
65316
97154
66532
8842
38513
16300
72320
75722
21310
14058
79260
79596
52282
82963
34134
65149
61402
62470
21456
85504
52484
3015
98051
98649
7621
48153
19861
70133
71737
16244
45760
4837
52637
3512
47672
20027
65217
75768
75988
76617
64134
57981
54402
41761
85093
8651
28375
22342
65486
42805
30766
5190
241
22597
40904
76248
39801
77205
81829
85506
97337
4908
58886
62670
43305
58325
65632
83824
49907
2674
3768
78146
76088
89977
24793
93607
57744
13133
88801
78680
80127
62054
42368
1102
60317
76014
92111
74979
40034
55137
97566
14521
97153
25820
20618
7598
93381
1763
28348
40090
37618
74968
54941
3688
92549
62045
69380
32954
79619
6655
83771
23399
72266
37918
6687
47229
5815
19820
12632
18420
51662
70072
74249
35742
52050
75262
51360
7012
54892
86124
37306
97918
7029
51230
86010
16750
32904
22782
5575
79065
92245
57960
74464
85381
93736
27190
58891
7344
57182
10317
43084
78626
95443
3828
55958
30173
91753
27278
22422
52832
88388
60255
72486
24761
3036
13695
61379
48206
63781
51017
33777
97607
21155
37222
66965
94713
16667
67325
88283
87894
97709
60581
7538
40852
52544
81019
83255
32442
58758
48980
34897
52607
60695
47100
31801
31079
39485
42501
71527
69127
33066
28787
75884
48655
42668
90394
63086
87396
3545
47073
65552
8878
32583
21240
77320
28119
97367
47397
25788
24497
41828
64086
30650
61891
13313
21096
50454
27621
75785
49233
46727
70260
89731
60444
68446
31887
31855
11251
76259
11648
29538
23412
77654
20778
33441
94338
79807
8830
35620
298
24215
2885
67097
68859
52604
51170
16010
16515
15209
67362
4127
17354
73474
62749
50102
41979
65912
60032
52390
44853
21812
61256
77302
32340
71853
28595
56458
84410
29395
31608
24831
56589
18610
64193
61365
55858
15403
87103
4534
76096
26397
24871
5360
85845
79504
36809
41684
27765
44591
51245
3241
4791
47966
50965
8416
78545
42608
8027
64646
47442
79129
81029
64887
24014
80984
1906
97368
54850
60586
61794
36132
41486
49204
6401
34165
42330
26747
87729
77336
36668
68009
63220
42447
30104
62952
70230
69461
24179
92408
31370
85862
74437
43172
6651
60145
99187
39506
83597
84262
92413
73440
12037
23537
67893
61378
62206
54194
83767
43296
91565
44811
88167
31255
97534
70361
45125
56767
728
26024
89110
84138
47720
45449
48502
39962
26858
73316
52881
42049
53011
7484
6533
19585
59633
84156
37062
22825
67400
56424
10965
28091
83381
51020
69588
23667
91810
63015
10291
19055
36586
55713
4181
5227
72911
1991
36546
22295
41210
53519
33715
73620
47701
8614
93363
8020
68628
38150
2725
60332
2437
65295
55462
29845
98664
59916
33358
48777
11679
2779
73277
8567
49247
17778
316
34206
58095
68563
67991
9372
6745
29156
18699
15710
6343
17208
82011
60420
72322
91728
34379
9378
93876
60674
13259
14772
92929
44651
9273
13889
65789
10447
38043
13112
60690
84358
96700
72936
5888
47959
21120
86679
33659
1919
82169
92148
53767
46987
44118
82547
30694
15411
82655
44131
14319
19781
46133
43767
32764
33369
38520
23016
58415
71998
72049
44985
77386
21371
43504
40832
27329
56046
23400
29544
82750
16477
76374
62092
86545
44006
42326
4090
19749
56209
67385
80615
53517
45371
32866
11430
83765
34051
20121
42049
65138
82888
66587
2549
83909
31043
71968
7795
35532
45595
59452
18883
71384
6953
79147
21257
25426
88300
75703
69317
99984
23026
62895
89795
78214
62569
71941
99770
53814
36906
54778
42940
19162
46574
24402
29465
92065
95370
74645
7835
77549
53453
76888
10194
92098
94737
64088
25934
68326
7069
64061
23093
81560
27721
3385
97326
22710
31543
72000
2010
57600
87558
63299
55342
88090
41870
76112
53551
54890
29919
30853
48358
29884
15611
42861
13859
77532
98292
26970
14379
96685
54836
56195
9909
92951
91141
39469
95813
6007
26206
93765
98892
39098
59508
15925
72895
83073
31061
96928
47637
22697
52052
75771
89270
70037
38198
58038
93483
78017
48231
61619
86213
82374
7737
25709
16962
81500
75224
98688
52003
4005
28757
17536
7696
26149
48713
22749
31776
31466
74673
79150
18753
47897
21641
39064
55580
9090
63325
56490
29452
9830
22633
75912
54831
99290
8704
1622
19369
95712
7058
37632
66925
88730
52434
51300
43329
43006
91774
10685
3449
60127
3090
53655
73216
61435
20576
38046
95470
2941
93482
54771
6191
18713
14581
32912
9144
46354
2429
89182
42491
48172
80301
8916
3996
82167
80093
72661
3420
41498
19716
61537
73150
17853
87003
67154
67005
8872
18224
5153
34035
48922
29903
11242
94192
11462
46912
34741
59191
2163
99489
11971
91160
33219
83761
6262
10527
87995
71451
40951
16802
44079
48880
23129
70409
54565
21218
21924
37269
93301
24385
56459
7704
9750
74706
56325
80082
27111
65266
91133
28900
64083
76329
68581
20367
16996
96495
40536
66741
32287
70055
2745
13389
51578
2156
19379
9650
17886
7307
95661
78668
56164
55166
45819
96946
49842
95693
73448
2360
16628
43134
95519
21874
18992
55715
99694
32430
66166
72227
26502
90371
25574
78912
94487
46562
25001
23873
22546
85443
68640
20053
23799
856
51429
72849
81799
39655
23295
90138
99600
99942
10913
65197
83190
93868
63267
60878
29304
58652
86832
1145
16606
22694
47362
38467
49396
85652
61617
60245
73121
86085
24610
13156
37608
57763
57672
87392
8479
42828
22921
51689
3546
63744
45986
47018
37410
38733
27439
50112
70274
62
66905
25823
21149
78396
68097
35410
25847
63539
39859
55196
72772
75311
23222
84410
37807
55388
18723
34534
59922
20986
7922
9280
43217
41545
65611
22165
88495
16277
87932
25075
1392
79631
39545
58849
21554
55129
1842
59912
7413
29573
85480
16983
65353
97570
28583
66640
13066
34017
494
75083
29821
13781
65646
58296
27704
5434
5470
73923
33866
44887
83470
95201
95312
29195
74397
78932
34819
52997
36846
61084
54370
19775
46955
59751
15323
81407
3510
26823
58833
26346
38534
73425
1332
3387
78941
50272
82786
50795
54761
77500
31955
11723
56388
37534
34066
60906
27722
42205
98020
69815
21159
23920
69923
59315
49082
26745
85100
58160
88106
69225
97985
54793
99158
45914
27299
43665
89783
23536
96715
66145
74999
46391
98388
45065
60791
42258
97211
13831
98602
69380
25731
81950
23539
55318
80070
30973
85421
31520
47639
40941
35064
30619
80075
4733
33919
50660
89362
10442
3697
32829
31701
88417
82769
62261
78607
69015
33436
64516
40153
31157
971
39849
49678
57894
41147
7673
12085
51534
48467
99924
76224
67619
59767
6504
9360
45174
58521
74144
88767
69203
55239
30724
50879
53453
89680
89868
36280
44697
93648
45819
4654
28635
57824
34678
23038
76107
55565
33300
40565
25018
63465
94854
2083
6702
87567
82863
97506
81881
52023
56624
56489
90856
89937
34555
16187
15842
19741
18978
15521
69473
81595
36122
8677
42321
49074
83937
66553
35168
70834
52067
67306
68638
84303
6594
76163
35479
99754
58488
72032
4024
2229
52205
57232
98383
66839
34280
9992
69197
46126
7418
59332
11338
12131
4593
81865
16265
41148
79014
65793
68192
67196
14643
30919
39948
28249
96340
1359
97151
68462
37642
71610
25457
87465
68125
99259
10271
42318
23666
89799
19682
67526
13280
50562
63520
67000
78024
29068
72093
48504
13608
23718
49546
45121
14188
90722
23227
51051
97041
28454
16732
38959
99790
97103
46468
77569
36097
2888
66127
12305
69802
69311
11287
66059
66093
44299
74681
78243
57055
63852
40269
12084
38406
53533
57149
74172
80158
13390
54881
47388
89183
46863
71617
9110
28806
62928
83200
33453
87220
34386
59935
33166
22035
94761
4354
29127
38025
52344
96722
39114
95261
59179
27188
23187
20083
75520
51413
94315
74474
31293
8086
16029
60844
66041
42627
64083
16650
90694
82342
90662
85893
25474
44644
41440
43136
34103
92365
82396
16215
40853
32540
14456
93883
92420
27845
2091
89652
65035
58463
73391
91557
8804
43413
61223
18335
67356
11480
13861
77811
76192
76524
49748
67309
20411
30905
38761
82491
96694
98945
30185
42539
80073
66157
19016
72885
7543
1285
46451
43819
20579
45646
27891
85056
26377
16065
26183
2848
44016
87442
50783
76042
66066
62804
55887
31340
8695
57147
86491
9360
33227
10519
9600
60137
72017
68472
46524
57678
95980
67302
72266
11348
29115
66113
24237
52362
61731
73458
33237
35963
62754
15589
25984
99713
40433
35342
69205
93911
34026
91626
68144
58597
39209
29617
43822
19138
41108
80152
37152
90844
32482
11983
73315
61565
29716
55245
59464
5390
40109
1152
7372
33337
27057
54722
75854
35953
7801
3346
62164
16503
15847
5811
96761
92948
73898
99043
63469
13482
89288
88851
63128
48668
18812
19738
37956
23938
60988
33980
92832
61307
38597
43042
82108
82452
97368
23391
48273
79936
43763
11892
96820
6634
33677
55403
17010
86077
9726
8870
45821
1281
41032
80955
74455
55715
41966
49387
46563
65912
42035
53123
72939
95179
91686
56406
50925
2036
91087
39924
16689
83401
39365
99322
77805
85590
61841
30063
76594
97830
35044
90403
70816
56291
15033
98529
89766
6817
42842
9759
48057
68325
15465
68889
26620
15191
10472
70789
14513
68164
61294
92745
64409
87002
9359
70994
60847
48866
66987
89062
65427
59342
38632
63376
81424
54218
96639
49043
95961
60154
23805
57639
84471
7776
72633
59444
92048
8034
62657
41322
57482
5911
30916
45123
97157
27115
31853
31352
23536
96490
66876
89966
40201
47783
4477
10563
98620
63183
15218
17696
55150
24262
1899
6072
78534
39186
78745
94408
29713
82510
57923
16720
50447
99019
46051
54138
39341
4729
74809
34959
67275
93865
30225
87160
643
84429
7047
29979
27254
6841
92738
46006
23013
32232
3565
17200
20576
7043
53250
77537
74985
75055
4986
42166
16817
78590
30827
75361
93796
53154
40460
9320
8441
62050
21724
17767
67245
24968
27673
25351
56965
72104
75500
50802
96178
7212
56318
81111
18461
21635
90525
99321
6388
61741
36191
76869
62765
2819
74890
81763
98703
27360
10048
42761
33332
1193
42029
49562
8065
70533
17520
14624
89200
59942
12762
47331
97977
39457
92361
17030
9010
39612
46715
87103
79805
7842
41609
81731
58424
80561
693
95305
47999
97370
30840
35835
71895
56869
96835
59338
15716
44010
374
87599
83623
96882
78082
47975
79759
95122
89591
22723
32459
55617
4700
19038
43171
23881
84170
72989
71408
34606
33853
54473
8967
71534
3449
39521
59580
14340
60926
35433
807
40987
68089
81611
19768
86974
40137
43338
49695
82674
199
57088
19709
3473
5208
84263
90147
24024
83840
21616
38070
57509
42426
32336
16776
48201
97969
70436
64073
16613
14360
18977
57306
45976
64555
92862
91560
89237
35854
56344
90186
67153
65356
49228
77818
52354
80401
17769
69937
1826
85459
29567
62737
9724
57523
82288
1429
40332
48668
77617
56671
45622
90136
61031
17406
69361
29714
94917
87498
35573
71270
92178
2765
28558
79658
13767
26128
88151
4922
57154
98245
43541
46927
78741
92514
48117
6318
91258
5149
23271
61413
45878
29834
252
88348
80629
45706
90062
16016
6339
8947
58075
11206
23411
6391
78962
3840
79149
84541
3306
73765
87540
24389
88344
57125
67660
41798
67225
31611
25398
59110
31126
37474
88570
75485
91413
99223
60440
6804
32396
2738
25059
47129
72886
83226
97934
36268
75048
43347
49146
69376
58379
84107
32719
50864
47861
1158
96519
59759
62625
10312
10196
48009
65435
26149
90390
71633
69152
79158
97256
85682
56918
20574
87517
9072
49106
32556
79455
33886
51551
45581
1702
68341
3360
46587
47962
44255
72620
55318
39944
7088
69235
7172
62625
96160
65917
39860
90898
64984
77704
62597
25315
19328
52844
11921
97160
4895
55998
42598
72979
61947
39263
89983
83157
87877
30292
60122
94253
87753
42572
18506
30295
13547
8235
78738
9017
33158
77423
11534
64172
2307
83009
75609
94449
43333
55337
90560
75116
43601
46530
19900
23301
37450
25662
58956
1966
90469
77390
91796
65486
49360
77586
57291
17822
20433
33272
23421
54993
13682
5927
27953
79602
44299
90333
74428
48015
49716
10448
69639
42369
44122
94876
28607
47162
14024
40551
52935
69133
15206
24013
22915
86242
80833
85505
27856
25262
28187
98763
95280
51965
68167
59850
29724
72304
1252
20895
7441
77406
21898
83622
94274
26739
90094
45912
67650
49291
79806
95194
72816
38111
1791
23670
84046
22075
54046
54507
98104
57557
91102
27482
53032
7446
72399
2160
87217
16412
29491
65105
80402
92428
70046
13252
39839
50059
35086
29533
59579
47767
20648
84278
19563
75340
13882
19617
20993
87344
55046
7376
71003
81669
6299
62426
32357
62372
45375
28245
94433
59291
60473
83941
69420
27805
40936
80839
14879
13180
67669
86962
55183
61526
85404
54857
15108
73304
60666
20218
98466
52063
66855
2697
97216
31941
36331
69257
42555
1338
93037
51945
22752
61235
39346
416
85897
30361
55163
28808
56667
39468
78226
37536
49749
15445
51749
86821
99984
40296
93415
81255
61634
84137
58634
95346
62015
39482
74736
6938
48664
43354
77662
82147
8698
4358
60972
98763
2707
55348
5384
43623
77461
89144
66907
70971
44676
58881
72352
2506
27899
84026
5496
12772
57115
79748
23166
43897
88442
562
47838
78523
15769
76365
97910
94061
25931
33919
64086
2811
32313
94771
71038
45
95161
94291
82905
28782
15514
53086
32441
90456
12702
47566
13015
55064
90117
13019
63759
55605
87790
39469
56892
71864
38766
61429
70185
53223
39946
82307
36410
62104
90492
1371
91485
95034
1179
67337
93989
73371
25352
69469
36417
55706
10120
60895
30650
90046
27518
38637
26837
86548
77634
75169
59078
31786
69533
29355
42387
72021
98314
12002
64421
92861
49807
33749
6934
42784
34447
38443
6500
59740
49851
72832
21964
84218
87087
87822
90294
48729
34507
27213
32663
6299
22848
60679
24056
35659
96945
46991
11584
43279
14493
3367
56239
51006
92186
45827
46927
59410
8724
20284
58645
19222
80232
50651
62746
85149
52817
34587
65757
27138
62379
64481
27398
55606
41550
83198
5021
46510
70392
2944
74086
71157
14142
61398
60487
95288
99922
70497
70505
70951
46044
1740
85991
34971
87
76042
22963
22916
28773
78198
2452
25266
2490
7577
98067
6407
74467
1739
36638
50422
485
98152
90291
89982
37174
80797
20442
12007
83616
66323
70032
24485
23032
25937
87211
13375
83197
57199
78766
37966
88632
59049
31404
43185
18333
69943
44091
25729
54452
61614
20499
79726
57173
80238
71080
77770
37526
92182
48500
51589
24199
26225
37570
22572
88138
53715
10737
1150
22104
7043
26725
30386
53232
79794
23453
184
57243
36352
98241
93231
66382
14220
26604
69159
28961
36643
41156
62917
41287
15303
98105
26756
87099
3153
67947
71674
67389
60140
66004
47047
2055
85869
72652
50920
93353
68511
827
24549
13273
95687
33717
71314
18061
43268
31061
92192
68679
15440
59136
47303
64714
6884
20781
38636
80067
35560
53952
67382
14110
370
71682
6631
61
64183
42681
49595
9214
72459
18479
28538
96660
39061
39795
55847
39347
61093
83276
22482
13825
80579
6336
84746
14950
4591
18026
45773
15751
49427
2125
82756
9330
24634
61121
96896
48429
85522
15147
31762
44752
91784
48871
2690
89663
64825
99675
41630
19236
30520
71547
29400
53021
83950
91879
54138
61498
87372
40459
66293
44886
14010
16336
77375
46596
35615
40868
88727
85601
22491
74730
25671
16449
68164
39142
84478
98136
13690
74713
52373
17242
97270
4668
63483
18345
44920
13006
96177
44317
96705
73589
9493
59008
58045
53262
63421
40517
84085
55082
51814
49724
70609
9108
65693
28257
2532
6934
70615
65125
54222
26103
4122
66674
23548
18894
68122
88573
84512
23458
58258
74405
36391
3443
37976
72056
42285
56508
52033
30574
69103
65206
13060
83879
48858
6169
89708
71486
52092
59900
3732
15406
79323
7697
3637
87406
7849
87428
78137
15673
56187
27496
32550
46666
19783
95769
75297
36278
27708
38301
70175
62594
73869
11184
78311
57073
205
4586
14315
64708
15966
80845
78351
89017
53076
69326
66725
4023
89846
41799
63717
24389
17791
84591
83515
72217
84674
6394
41539
74844
89198
39812
95607
62860
84398
87944
81061
48200
9709
58422
59406
16467
91885
69138
94254
30066
25541
31256
14575
73480
44092
98384
61251
99867
10978
1932
95559
44705
28676
40391
72245
10939
14021
90364
62357
14244
81670
27757
5345
21426
73890
79460
4493
74071
32373
26028
7446
13236
16610
9595
98324
28975
10137
5049
65598
45734
70920
86308
1896
28694
87916
80220
16563
51402
40551
80478
59956
27587
62694
49177
76053
75401
52478
93563
16131
414
96331
47536
36744
41665
27370
48043
1598
60317
95355
46876
68831
8525
70458
72928
87873
30749
14473
27448
80932
64216
11368
33803
24915
74656
62004
84909
82972
35198
41860
74742
58398
7321
75760
45159
21881
28578
44877
49273
46952
23982
92441
72002
98234
32097
40628
129
83327
43882
2788
24340
76330
88816
15294
71167
17702
81140
18153
27539
74884
66786
20022
93272
12299
43873
55705
90244
23767
1625
39232
77463
31593
97908
29197
98271
76424
40556
39095
12354
75505
9933
33511
24220
59750
40253
81630
33046
89345
56874
73248
92042
22602
36833
29293
54985
51269
54731
60221
32245
73647
42278
2749
22623
66991
82090
49073
66969
18566
29462
97581
19859
97535
20084
77188
71281
19682
5730
49846
56346
22674
56539
55312
20486
89882
54601
1010
3313
41691
4320
20679
81112
42676
96601
30119
84762
18210
43894
45720
53018
38218
96408
14586
35392
4839
57657
99301
2206
80170
37610
29314
60905
98412
82796
47600
65690
38051
10490
55812
50331
96898
71004
5752
39191
84746
21108
43288
8986
3659
82225
3970
84432
90278
52898
16244
35012
94942
3392
57325
54631
46256
49658
47955
41613
38497
55121
48995
54907
73746
21008
99771
32709
67061
71902
46784
56828
10595
99990
81674
40444
16293
12062
97437
66913
49515
2578
59852
55421
47380
83012
91308
51331
8444
74551
26150
91990
85136
45433
61804
83766
54709
59530
28753
85829
49959
41612
62659
50967
35167
24363
72306
27582
29575
19154
38606
31205
61426
14250
45964
99356
77446
15094
98198
39938
61598
84172
93491
22503
57082
30706
5846
11970
79114
42171
69069
53650
45887
68536
93540
74406
72343
26828
67923
72203
558
21601
26009
85583
53012
96427
73182
47503
10041
28182
64495
57090
85454
98140
76866
75145
55128
50212
11242
81008
68188
85978
15462
16745
84752
74235
34107
96744
62489
29339
27163
54806
71195
50294
30400
4569
31974
80175
9745
35421
96916
86464
63942
99405
61314
55121
20524
27516
69171
14967
88808
55345
8010
490
48875
69579
24272
9952
62180
71193
6937
299
73585
90632
28942
1024
64522
33665
29745
16967
26530
74807
73158
783
29625
56717
63839
7585
77475
60563
72308
73107
63051
23453
22421
22055
45910
2453
66441
85308
42493
4838
5291
81928
10249
50120
76461
91971
81029
54651
11200
95697
92934
7173
21844
34737
18080
63006
5100
33267
70688
51045
3041
30079
85393
24955
15986
11080
78922
84024
23358
87188
63693
74315
18782
40320
2273
47897
63231
30686
16160
69515
74284
36865
82843
31866
18384
6966
18233
98720
21552
29634
74324
27650
47982
95195
85643
97139
88516
51600
91728
97168
74370
22555
23518
96242
12109
15360
74513
7049
85811
72976
34614
55816
18929
84199
10912
9528
91280
28983
30616
97312
7628
25061
29556
3149
50492
9959
1076
85427
79180
27265
19858
75415
99532
97541
87637
67420
23949
74619
90680
32365
90456
4759
74093
78504
43724
57360
24993
26435
401
74400
91410
54479
89636
24306
77808
5406
44170
54061
70741
75833
9156
61814
97299
68402
53081
82625
21027
46307
13320
58846
74555
94069
55253
64521
12775
73175
22729
77723
80177
7318
61259
97172
64155
14650
43667
8536
42054
49221
98802
6180
45179
75273
16048
35969
96899
83527
61917
68019
76917
44695
61587
55798
10031
58356
36783
91350
85162
10127
37008
57867
93338
29493
68078
67766
65427
60181
72510
4856
90331
69201
69419
9428
83120
78653
73338
82292
79010
5319
4537
64701
25657
58055
61184
87399
96725
14945
9775
86613
63901
43334
8044
23692
17119
31557
54614
85303
47301
69539
94398
75179
55571
28670
52590
26809
30989
59463
39449
18643
38582
91032
1498
19992
14206
57387
73463
68281
97889
67516
57820
87735
36061
2388
39788
253
83561
77316
40302
80662
86826
21671
33801
61115
2415
30062
88874
14787
11111
44538
29674
56986
87436
81749
59370
81407
89891
92778
35426
10261
16948
5067
84025
20402
18424
45024
22142
32827
26706
87315
62832
9041
43164
98930
59278
10382
39499
87853
94249
370
30568
25799
69013
91228
29777
78861
53181
85905
16949
74560
59935
62986
55472
74002
7942
25046
72460
87817
7876
20393
1832
25604
23015
95658
75649
36173
72062
48367
76095
38201
13350
62810
74395
83128
27432
25194
51153
33447
24527
46114
8660
63562
87412
51818
48442
33737
82452
72609
42222
24418
61849
81736
8004
67586
26951
57414
78199
52345
33444
90755
86401
16359
63852
56646
19436
17255
76481
9641
65433
76667
18172
15876
41383
12005
77107
84491
83586
10422
37338
92426
81057
73286
32331
25703
45060
71783
78309
18152
72049
30839
37683
79600
58633
27729
78317
88060
56891
55966
25716
38088
32182
14379
34305
36665
78966
70019
90292
98060
44094
9847
26737
16343
36452
34675
62060
27131
49598
32698
94862
72915
17446
9290
1964
71311
24797
13648
50672
73018
11157
83789
69612
13869
23802
87100
81476
14638
46456
48441
61708
47657
167
28451
68073
97135
26308
90602
16158
69092
87117
64557
72539
18825
59309
2071
64056
58954
99614
51269
64057
70454
5205
82823
27761
97744
87415
80722
69524
78557
49396
25511
76433
70763
37444
88310
33541
51398
35524
16687
90222
90814
90552
52650
98065
51078
13592
18737
59200
38214
51426
80766
90694
24192
8766
59247
17295
15851
16069
78224
92320
54871
42417
9848
97164
71541
7293
64994
84398
19799
39221
58709
8315
39752
52360
70778
38686
12059
3707
71691
66869
53752
82266
69241
43562
79927
95220
29635
21207
13016
6443
26922
50506
1922
21697
71661
32138
29386
51811
6812
44318
62682
48888
58849
28098
80632
98217
68913
50929
65147
72861
85456
23274
78361
50770
91101
78358
21799
46090
82096
88894
50304
36735
17142
99257
31750
47994
68066
45216
14059
88515
9098
39899
70396
71691
87101
11506
68203
95127
2609
31211
89036
59929
22121
6356
72509
82511
91209
33783
86638
23794
59392
81297
61402
4079
41224
25174
55801
9645
23179
28333
14162
96697
50297
82852
87255
92705
81929
97341
55241
22455
67853
34193
18471
37767
24488
73044
63207
7095
29292
95155
57373
94614
41235
23917
18045
84777
90896
86028
7370
94414
42735
67424
34376
71732
88339
16720
9789
43342
9557
71607
23818
31288
53302
70803
43342
66368
7990
79864
68051
71812
44953
74609
74540
30791
24207
42245
38172
64918
8030
93112
71859
20403
91735
70717
54734
59308
29670
80945
66015
60109
94708
72341
3113
28881
73626
960
54181
8448
83792
69303
35967
19857
90455
1149
24350
87192
76509
53767
81383
82943
84644
64704
9853
27148
33589
39182
47789
44136
93781
77279
50293
75640
94289
81338
75300
73182
20237
65540
59499
57276
8930
90826
84446
69478
11074
24680
20502
97523
49902
69348
22358
91294
32346
38227
9751
55334
59252
88499
44334
94227
90843
53552
17475
86577
58638
74711
556
21997
41814
39984
49533
18672
27194
36326
15653
33335
1478
45970
40828
42519
82568
37705
25045
16521
60617
29163
22347
30157
50880
50999
94851
46176
19178
65437
83943
7647
6146
73823
70605
3120
31346
13683
80518
26980
61395
72425
29027
87472
63589
33636
14625
13335
7855
23608
70461
78931
38008
83900
76272
62895
84174
64332
79505
70361
24534
4255
34019
75627
12390
92883
70499
36479
80797
53180
18851
77393
12462
62852
64054
7477
64819
67074
29609
33414
64809
66992
58309
83719
26947
17142
48427
42629
54398
67080
76043
17581
68331
40619
62838
12537
50473
46474
90675
79851
64029
18095
92306
21811
80366
25485
74756
2934
8664
93358
43481
53838
92852
40590
64821
9465
96256
81083
15279
57054
68022
5435
65370
43005
44223
71929
84150
68312
32387
69844
22909
40095
3433
9568
28090
62363
7955
66013
9998
43415
46103
56166
34220
66719
49985
96731
96150
78999
36830
70451
59142
92568
41953
71176
78941
73724
90161
23545
98940
30944
52913
9983
9144
29672
89175
20123
8828
24538
33133
97556
14646
34073
31953
92603
6308
92062
28627
39608
591
19356
92875
8011
33590
63441
6220
15485
62091
56232
27034
15984
55928
29577
34517
91649
58142
4775
55171
80830
77555
17121
12655
85591
71763
58425
89441
88555
65254
96151
59746
27167
89848
12372
15408
52462
65157
44626
30344
91465
17011
20555
14541
10128
10716
94221
10007
5473
79772
70494
96829
58582
87599
28691
81219
3200
6079
5949
68415
99345
29337
21240
74193
44536
89544
23490
63510
51564
32860
57989
61404
85963
21223
35168
22781
94127
87689
32751
19671
6245
49315
56704
83340
26329
98859
40484
17385
3367
74601
93839
84813
20656
63573
71112
27989
7068
28353
72514
49582
90717
67929
13478
50581
17926
14829
59439
69762
86123
54026
13229
62263
35879
13749
98832
84775
45593
59410
75823
85239
58523
58921
46593
42909
46489
99591
32279
36121
99734
29426
4319
81031
75893
93524
17209
67057
50426
1091
92511
1591
78687
69529
14813
93071
43071
3698
13688
34170
84113
68727
63307
18091
57606
31191
96747
14469
15220
2082
15848
94623
46104
26939
41933
35109
74195
14238
18385
97768
82658
15785
73619
87277
47758
64635
21811
51486
14182
36053
55823
63980
21436
12739
25695
15746
46014
59623
19079
35893
7473
23776
70239
46391
11079
25385
39586
81482
10511
75581
1401
61479
66513
96402
3201
18381
54598
5115
8065
51752
14272
24874
41997
91001
76147
23567
44718
83811
6972
25471
32035
64882
5140
28711
38915
89212
98003
43561
39859
73157
40487
29760
78961
33060
43549
95777
64135
12426
60957
6707
83185
62767
25886
18185
96611
78270
48002
78908
75937
75700
28857
52600
41
28138
26551
93173
67229
51849
41676
90408
60379
47327
74371
6673
38623
33384
28263
46878
42027
80703
15507
55120
48221
75420
76255
18691
466
78039
79097
17836
79969
25383
60003
88958
73446
28580
49762
74930
27324
20616
6639
63384
68510
35008
41976
15549
73866
88991
87429
18095
53897
15925
61750
70756
40158
23763
32680
16912
49617
29988
56899
9747
36361
55867
35999
60200
69800
97515
11994
73612
54328
63576
83967
436
74732
40146
32855
3088
22900
97816
54853
87093
2860
55168
30665
57074
12812
55891
75467
48682
90595
53999
98477
96654
89922
70157
10553
40009
6250
98491
94568
81121
38414
16078
79837
59711
38364
41008
39753
64001
32449
26853
42215
26896
54692
73501
46581
66702
90441
93870
79478
274
54847
6414
25296
45157
17529
77520
45369
54733
19339
46107
86604
1448
52525
1779
37838
98949
67626
12343
66422
26743
18413
51098
58352
86194
78215
79869
61257
75545
73853
70337
68001
48763
69568
22605
46172
69168
49127
50924
87491
15587
38536
49559
82919
60533
38555
90630
31321
58282
69863
42874
49577
86429
86704
75730
86803
95351
91474
94984
55109
28559
16631
91971
67001
41753
16419
33896
17302
59680
49642
62829
73074
36485
22833
79386
11994
93766
26593
76254
75995
69673
93507
49198
45210
37282
2274
88708
63549
77512
98702
53191
17940
1772
5153
