38
41
45
47
61
62
87
129
132
137
137
148
167
184
187
199
205
208
241
246
252
253
254
274
297
298
299
303
312
315
316
352
358
367
370
370
374
393
398
401
414
414
416
416
421
436
437
466
466
485
489
490
494
515
525
542
556
557
558
562
574
580
591
611
643
668
674
678
680
693
698
726
728
732
735
776
778
783
790
807
811
825
827
827
843
847
856
861
879
919
945
957
960
963
971
982
1004
1007
1010
1024
1029
1038
1065
1076
1091
1091
1102
1103
1131
1145
1147
1149
1150
1152
1158
1161
1179
1193
1194
1224
1236
1248
1252
1254
1278
1279
1281
1285
1300
1315
1332
1333
1338
1359
1371
1392
1394
1401
1417
1419
1429
1441
1448
1478
1498
1525
1529
1532
1563
1567
1591
1598
1614
1622
1625
1628
1650
1681
1686
1702
1719
1727
1739
1740
1763
1772
1779
1791
1793
1797
1807
1809
1814
1826
1832
1842
1860
1862
1874
1896
1899
1906
1912
1919
1922
1932
1932
1936
1960
1964
1966
1991
1996
2003
2010
2018
2035
2036
2055
2064
2071
2082
2083
2091
2096
2116
2116
2125
2132
2156
2160
2160
2163
2175
2206
2209
2229
2229
2243
2258
2264
2269
2273
2274
2284
2298
2307
2335
2360
2379
2388
2415
2418
2429
2430
2437
2452
2453
2464
2467
2490
2506
2506
2516
2532
2535
2545
2549
2571
2575
2578
2588
2598
2609
2618
2630
2658
2673
2674
2690
2697
2702
2707
2725
2738
2745
2747
2749
2755
2765
2775
2779
2788
2810
2811
2819
2822
2827
2848
2854
2855
2860
2863
2864
2868
2885
2888
2890
2899
2929
2934
2941
2944
2954
2962
2989
3015
3036
3038
3041
3046
3061
3088
3090
3103
3113
3120
3121
3133
3149
3153
3168
3200
3201
3214
3214
3227
3228
3237
3241
3272
3289
3294
3298
3306
3313
3313
3315
3322
3331
3334
3346
3351
3356
3360
3363
3367
3367
3368
3385
3387
3392
3420
3433
3443
3449
3449
3473
3488
3493
3510
3512
3512
3515
3533
3545
3546
3551
3558
3559
3565
3566
3569
3576
3584
3590
3603
3637
3647
3655
3659
3666
3670
3673
3688
3695
3697
3698
3707
3726
3732
3732
3733
3752
3768
3793
3801
3821
3823
3825
3828
3829
3840
3856
3873
3904
3912
3966
3970
3996
4005
4023
4024
4079
4080
4082
4090
4097
4109
4122
4127
4157
4181
4187
4196
4220
4252
4255
4265
4279
4293
4319
4320
4333
4346
4354
4358
4366
4384
4391
4407
4409
4433
4441
4462
4466
4468
4477
4480
4493
4519
4534
4536
4537
4547
4569
4586
4591
4593
4599
4619
4629
4637
4654
4658
4665
4667
4668
4686
4700
4709
4715
4727
4729
4730
4733
4755
4759
4775
4778
4782
4791
4802
4803
4811
4827
4836
4837
4838
4839
4856
4856
4862
4866
4887
4895
4898
4906
4908
4922
4937
4944
4954
4986
5021
5021
5028
5049
5057
5067
5072
5078
5100
5100
5115
5139
5140
5149
5153
5153
5155
5156
5168
5190
5205
5208
5223
5227
5239
5243
5247
5255
5258
5274
5288
5291
5319
5345
5360
5384
5390
5393
5395
5400
5406
5407
5408
5413
5434
5435
5451
5470
5473
5484
5496
5506
5517
5575
5617
5637
5657
5676
5681
5699
5721
5722
5724
5730
5732
5752
5764
5797
5811
5815
5840
5846
5858
5863
5880
5888
5911
5927
5929
5934
5938
5949
5949
5973
5983
5986
5987
6007
6008
6015
6019
6021
6027
6048
6050
6068
6072
6079
6116
6121
6146
6148
6169
6180
6191
6193
6202
6204
6207
6207
6215
6220
6238
6245
6250
6262
6269
6273
6298
6299
6299
6308
6318
6325
6336
6339
6343
6356
6356
6365
6365
6383
6388
6391
6392
6394
6401
6407
6411
6414
6417
6417
6420
6441
6443
6500
6504
6531
6533
6537
6561
6575
6587
6594
6615
6631
6634
6639
6643
6651
6655
6657
6657
6671
6673
6676
6683
6687
6702
6707
6726
6740
6745
6785
6804
6806
6812
6817
6819
6841
6842
6844
6845
6850
6884
6892
6897
6912
6917
6918
6934
6934
6937
6937
6938
6945
6953
6956
6966
6967
6972
6974
6980
7009
7009
7012
7023
7029
7031
7043
7043
7047
7049
7049
7058
7059
7064
7068
7069
7081
7088
7090
7095
7097
7154
7172
7173
7190
7212
7216
7222
7246
7252
7284
7286
7293
7307
7310
7318
7321
7336
7341
7344
7370
7370
7372
7376
7398
7400
7403
7404
7405
7413
7418
7441
7446
7446
7459
7473
7477
7484
7507
7518
7538
7543
7546
7575
7577
7581
7585
7590
7598
7621
7628
7647
7663
7673
7696
7697
7699
7701
7704
7709
7734
7737
7739
7755
7773
7776
7795
7800
7801
7825
7835
7839
7842
7849
7850
7855
7875
7876
7878
7888
7896
7902
7904
7922
7922
7942
7948
7954
7955
7963
7979
7990
8004
8010
8010
8011
8020
8027
8030
8034
8044
8058
8065
8065
8082
8085
8086
8120
8126
8151
8184
8201
8212
8213
8235
8242
8253
8264
8281
8285
8288
8302
8315
8315
8332
8364
8403
8407
8409
8416
8419
8433
8441
8444
8444
8448
8479
8525
8529
8536
8567
8584
8613
8614
8623
8651
8660
8664
8665
8677
8684
8695
8698
8704
8712
8717
8724
8724
8766
8804
8811
8820
8828
8830
8830
8842
8852
8870
8872
8878
8909
8916
8930
8939
8947
8947
8967
8973
8977
8986
8994
9009
9010
9015
9016
9017
9021
9041
9047
9059
9072
9072
9089
9090
9098
9101
9108
9110
9130
9130
9144
9144
9153
9156
9166
9189
9214
9222
9243
9245
9257
9259
9273
9280
9284
9288
9290
9312
9320
9330
9346
9357
9359
9360
9360
9372
9374
9378
9392
9397
9428
9449
9465
9466
9477
9485
9486
9490
9493
9498
9509
9528
9556
9557
9557
9568
9585
9588
9595
9600
9625
9627
9637
9641
9645
9650
9672
9685
9697
9709
9724
9726
9729
9733
9745
9747
9750
9751
9759
9775
9781
9789
9807
9807
9830
9835
9842
9842
9847
9848
9853
9883
9893
9908
9909
9918
9933
9952
9952
9956
9959
9964
9969
9974
9983
9992
9998
10007
10011
10030
10031
10041
10048
10083
10087
10095
10120
10127
10128
10128
10137
10175
10194
10196
10240
10249
10261
10271
10291
10291
10302
10312
10317
10336
10358
10378
10382
10405
10410
10422
10438
10442
10447
10448
10472
10490
10497
10511
10518
10519
10523
10527
10553
10563
10592
10595
10605
10619
10635
10635
10648
10649
10685
10705
10715
10716
10725
10737
10767
10801
10806
10810
10822
10826
10858
10864
10869
10869
10894
10898
10906
10910
10912
10913
10930
10939
10939
10961
10965
10970
10978
11018
11030
11035
11036
11040
11042
11050
11054
11074
11079
11080
11080
11096
11097
11111
11117
11125
11132
11157
11157
11184
11200
11201
11206
11207
11208
11237
11242
11242
11251
11269
11287
11288
11301
11338
11341
11348
11352
11365
11368
11380
11387
11388
11394
11416
11417
11429
11430
11462
11478
11480
11487
11506
11510
11534
11544
11545
11584
11602
11613
11629
11635
11638
11648
11679
11687
11723
11789
11825
11835
11858
11878
11892
11921
11924
11965
11970
11971
11983
11994
11994
11998
12002
12005
12007
12028
12037
12041
12042
12059
12062
12084
12085
12090
12108
12109
12131
12147
12162
12169
12176
12183
12206
12209
12214
12249
12265
12266
12285
12294
12295
12299
12305
12343
12354
12372
12374
12377
12388
12390
12426
12430
12449
12462
12487
12502
12532
12537
12599
12604
12632
12647
12655
12657
12702
12704
12721
12725
12728
12729
12739
12762
12770
12772
12775
12812
12830
12839
12839
12854
12876
12898
12904
12915
12971
12981
12986
12993
13006
13015
13016
13019
13034
13058
13060
13066
13111
13112
13133
13136
13156
13171
13180
13220
13229
13236
13240
13252
13259
13263
13273
13280
13280
13295
13298
13313
13320
13327
13328
13335
13350
13375
13377
13380
13389
13390
13397
13437
13444
13478
13482
13488
13512
13522
13547
13567
13592
13599
13608
13639
13648
13668
13671
13682
13683
13688
13690
13695
13716
13720
13723
13731
13748
13749
13752
13767
13774
13781
13825
13831
13843
13851
13859
13861
13861
13869
13882
13889
13895
13919
13929
13931
13969
13981
13989
14010
14021
14024
14030
14036
14058
14059
14061
14098
14110
14131
14142
14145
14148
14162
14165
14182
14184
14188
14191
14206
14220
14238
14244
14247
14249
14250
14269
14272
14283
14315
14319
14340
14360
14362
14379
14379
14380
14383
14411
14416
14456
14469
14471
14473
14476
14493
14497
14499
14513
14513
14521
14521
14522
14541
14562
14564
14567
14575
14581
14582
14586
14622
14622
14624
14625
14625
14638
14643
14646
14648
14650
14651
14699
14728
14733
14754
14764
14767
14772
14775
14787
14805
14807
14807
14813
14819
14829
14858
14869
14879
14892
14903
14904
14913
14940
14945
14950
14962
14967
14983
14985
15017
15030
15033
15062
15065
15065
15094
15108
15147
15147
15153
15162
15166
15169
15181
15191
15199
15206
15209
15218
15219
15220
15222
15238
15240
15268
15279
15294
15303
15305
15322
15323
15339
15360
15388
15403
15404
15406
15408
15411
15414
15421
15423
15440
15445
15449
15460
15462
15463
15465
15474
15485
15503
15507
15514
15521
15528
15539
15541
15549
15587
15588
15589
15606
15611
15615
15653
15669
15673
15678
15698
15706
15710
15713
15716
15727
15734
15744
15746
15751
15754
15758
15769
15785
15793
15795
15816
15832
15837
15840
15842
15847
15848
15851
15870
15876
15884
15895
15910
15916
15921
15925
15925
15938
15953
15966
15970
15978
15984
15986
16003
16010
16016
16016
16029
16043
16048
16065
16069
16073
16074
16077
16078
16082
16088
16096
16131
16148
16158
16160
16176
16187
16198
16199
16215
16217
16232
16238
16244
16244
16245
16247
16247
16265
16277
16286
16293
16299
16300
16336
16343
16343
16359
16370
16387
16400
16403
16408
16412
16414
16419
16445
16449
16459
16467
16477
16480
16489
16503
16515
16521
16528
16563
16595
16606
16606
16610
16610
16613
16628
16631
16644
16650
16650
16651
16655
16664
16667
16687
16689
16713
16717
16720
16720
16721
16732
16745
16750
16756
16776
16799
16802
16812
16817
16817
16831
16878
16888
16912
16918
16938
16948
16949
16953
16962
16967
16983
16995
16996
17010
17011
17016
17030
17041
17072
17118
17119
17121
17129
17131
17142
17142
17148
17161
17167
17169
17184
17200
17208
17209
17210
17217
17224
17242
17255
17260
17286
17293
17295
17302
17311
17317
17339
17347
17354
17361
17369
17385
17399
17402
17406
17422
17441
17446
17448
17453
17473
17474
17475
17482
17504
17520
17522
17529
17536
17542
17544
17553
17581
17586
17590
17601
17609
17611
17629
17640
17685
17696
17702
17703
17728
17742
17756
17767
17769
17778
17791
17797
17810
17812
17817
17819
17822
17829
17834
17836
17853
17874
17877
17884
17886
17901
17904
17916
17926
17940
17954
17989
17992
18007
18009
18026
18035
18045
18048
18061
18063
18070
18080
18083
18086
18091
18095
18095
18098
18152
18153
18158
18162
18172
18184
18185
18202
18210
18224
18225
18233
18263
18309
18331
18333
18335
18344
18345
18347
18359
18371
18371
18381
18384
18385
18385
18389
18413
18420
18424
18444
18461
18471
18479
18505
18506
18508
18537
18549
18555
18566
18573
18610
18613
18632
18641
18643
18649
18672
18691
18699
18709
18713
18713
18716
18723
18731
18737
18740
18748
18748
18753
18770
18782
18812
18825
18846
18851
18859
18883
18893
18894
18900
18922
18929
18959
18960
18961
18972
18976
18976
18977
18978
18992
18995
19016
19038
19055
19056
19072
19079
19094
19094
19109
19118
19138
19138
19150
19154
19162
19178
19209
19222
19227
19236
19252
19288
19292
19307
19328
19337
19339
19345
19356
19361
19369
19379
19382
19406
19426
19436
19438
19438
19441
19441
19445
19474
19476
19489
19533
19548
19551
19563
19569
19585
19585
19616
19617
19663
19671
19681
19681
19682
19682
19688
19689
19703
19709
19716
19723
19727
19737
19738
19741
19747
19749
19749
19754
19757
19768
19769
19775
19778
19781
19783
19786
19799
19811
19820
19848
19857
19858
19859
19860
19861
19900
19942
19949
19968
19969
19981
19989
19992
20015
20019
20022
20022
20027
20042
20053
20083
20083
20084
20095
20105
20121
20123
20127
20143
20156
20189
20207
20218
20237
20247
20265
20270
20280
20284
20316
20339
20367
20374
20375
20387
20393
20398
20402
20402
20403
20410
20411
20416
20422
20433
20442
20451
20456
20464
20482
20486
20499
20502
20517
20524
20524
20529
20545
20555
20574
20576
20576
20579
20581
20595
20609
20616
20618
20632
20634
20647
20648
20648
20656
20677
20679
20730
20736
20755
20768
20778
20781
20823
20831
20833
20846
20865
20883
20888
20895
20913
20917
20923
20946
20953
20971
20986
20991
20993
21003
21008
21020
21027
21096
21105
21108
21115
21120
21125
21149
21155
21159
21207
21218
21223
21224
21232
21240
21240
21248
21252
21257
21284
21294
21310
21326
21338
21367
21368
21371
21426
21426
21436
21456
21456
21457
21468
21482
21485
21504
21511
21513
21513
21516
21522
21528
21534
21552
21554
21585
21601
21603
21616
21635
21641
21645
21651
21671
21672
21678
21697
21700
21724
21744
21747
21755
21762
21766
21774
21799
21802
21805
21811
21811
21812
21844
21866
21874
21879
21880
21881
21891
21898
21902
21908
21918
21924
21944
21964
21983
21992
21997
21999
22001
22035
22055
22058
22075
22104
22104
22104
22121
22127
22142
22164
22165
22174
22186
22208
22210
22220
22245
22249
22250
22263
22279
22295
22324
22331
22342
22342
22345
22347
22348
22358
22387
22400
22405
22421
22422
22454
22455
22482
22491
22498
22503
22504
22546
22555
22570
22572
22575
22577
22594
22597
22602
22605
22609
22613
22623
22633
22634
22637
22662
22666
22674
22675
22680
22694
22697
22710
22718
22723
22729
22749
22752
22778
22781
22782
22825
22833
22843
22844
22848
22894
22900
22909
22909
22915
22916
22921
22927
22963
22993
23013
23015
23016
23026
23032
23033
23038
23044
23083
23093
23095
23108
23114
23114
23129
23166
23170
23179
23185
23187
23191
23194
23198
23222
23227
23271
23274
23295
23301
23302
23326
23332
23340
23347
23352
23352
23358
23366
23391
23399
23400
23400
23406
23409
23410
23411
23412
23421
23432
23442
23453
23453
23458
23468
23474
23477
23478
23490
23496
23498
23518
23536
23536
23537
23539
23545
23548
23567
23568
23580
23581
23598
23608
23620
23623
23632
23637
23639
23641
23643
23666
23667
23670
23692
23711
23718
23727
23732
23756
23763
23767
23776
23794
23799
23802
23803
23805
23818
23852
23856
23866
23873
23873
23875
23881
23885
23917
23920
23938
23949
23957
23965
23971
23982
24002
24013
24014
24024
24037
24040
24047
24056
24060
24080
24095
24104
24111
24130
24139
24144
24146
24178
24179
24191
24192
24199
24207
24213
24213
24215
24216
24217
24218
24219
24220
24230
24237
24251
24261
24262
24263
24265
24271
24272
24288
24302
24306
24322
24323
24340
24350
24363
24385
24389
24389
24394
24402
24406
24418
24450
24458
24461
24467
24470
24485
24487
24488
24491
24497
24499
24501
24525
24527
24534
24538
24548
24549
24552
24593
24593
24601
24607
24610
24616
24634
24676
24680
24683
24714
24720
24760
24761
24776
24793
24797
24831
24849
24859
24871
24874
24900
24915
24918
24942
24944
24955
24968
24993
25001
25018
25040
25041
25045
25046
25059
25061
25067
25071
25074
25075
25078
25094
25099
25120
25125
25146
25160
25172
25174
25194
25198
25211
25237
25262
25266
25273
25276
25292
25296
25315
25317
25318
25319
25329
25338
25351
25352
25357
25381
25383
25385
25387
25398
25426
25457
25471
25474
25485
25511
25519
25541
25546
25564
25574
25588
25604
25632
25632
25640
25657
25662
25671
25677
25683
25695
25696
25703
25704
25709
25716
25720
25724
25724
25729
25731
25744
25770
25788
25799
25802
25820
25823
25823
25826
25847
25858
25886
25899
25905
25922
25931
25934
25937
25954
25969
25970
25970
25984
25997
26008
26009
26024
26028
26030
26038
26069
26072
26081
26094
26103
26128
26148
26148
26149
26149
26150
26169
26183
26206
26225
26281
26293
26308
26329
26346
26347
26364
26365
26365
26377
26389
26389
26396
26397
26407
26432
26435
26462
26471
26502
26515
26530
26532
26551
26563
26593
26604
26617
26620
26635
26641
26649
26650
26665
26673
26677
26677
26690
26695
26706
26711
26723
26725
26726
26737
26739
26743
26745
26746
26747
26754
26754
26756
26778
26785
26788
26788
26798
26809
26811
26816
26823
26828
26837
26853
26858
26861
26874
26879
26880
26881
26890
26896
26922
26923
26935
26939
26947
26951
26968
26970
26980
27000
27001
27019
27033
27034
27035
27037
27057
27090
27104
27111
27112
27115
27131
27135
27138
27143
27144
27148
27163
27167
27170
27188
27190
27191
27194
27213
27231
27241
27251
27253
27254
27258
27265
27265
27278
27278
27299
27305
27314
27317
27324
27329
27339
27351
27360
27365
27370
27386
27389
27395
27398
27414
27417
27432
27432
27439
27448
27451
27477
27478
27480
27482
27496
27504
27516
27518
27531
27539
27541
27560
27582
27587
27616
27617
27621
27635
27641
27650
27673
27685
27688
27704
27708
27718
27721
27722
27729
27730
27742
27743
27747
27757
27761
27765
27775
27786
27805
27817
27817
27845
27854
27855
27856
27867
27871
27891
27899
27908
27913
27927
27953
27964
27968
27984
27989
27995
28025
28028
28041
28043
28051
28068
28079
28090
28091
28097
28098
28119
28125
28136
28138
28181
28182
28187
28229
28245
28249
28250
28257
28263
28270
28309
28333
28348
28353
28375
28383
28386
28394
28405
28408
28414
28424
28427
28432
28434
28449
28451
28454
28471
28475
28485
28488
28523
28538
28549
28558
28559
28578
28580
28583
28595
28607
28622
28627
28635
28637
28651
28670
28672
28676
28679
28691
28694
28711
28715
28728
28739
28753
28757
28757
28773
28782
28787
28806
28808
28824
28824
28857
28881
28882
28889
28900
28905
28911
28921
28939
28942
28946
28961
28962
28968
28975
28983
29027
29068
29087
29092
29115
29120
29127
29136
29156
29163
29164
29195
29197
29199
29215
29218
29226
29227
29228
29228
29259
29265
29270
29278
29292
29293
29304
29314
29337
29339
29355
29375
29377
29386
29389
29391
29391
29393
29395
29395
29400
29405
29415
29426
29452
29462
29465
29476
29491
29493
29494
29505
29516
29533
29538
29543
29544
29556
29567
29573
29575
29577
29579
29609
29614
29617
29625
29626
29634
29635
29655
29665
29670
29671
29672
29674
29686
29707
29713
29714
29716
29724
29744
29745
29760
29777
29789
29793
29821
29832
29834
29845
29870
29884
29887
29893
29898
29903
29919
29928
29943
29954
29956
29960
29967
29979
29981
29983
29988
30013
30027
30028
30054
30060
30062
30063
30066
30079
30104
30119
30126
30157
30173
30185
30185
30186
30210
30225
30228
30237
30251
30272
30283
30292
30295
30306
30344
30361
30377
30386
30399
30400
30414
30420
30438
30461
30477
30478
30479
30520
30524
30568
30574
30616
30619
30625
30641
30641
30650
30650
30655
30664
30665
30671
30684
30686
30694
30706
30709
30721
30724
30745
30749
30761
30765
30766
30789
30791
30823
30827
30828
30834
30836
30839
30839
30840
30853
30880
30882
30888
30905
30916
30919
30930
30944
30944
30964
30966
30973
30973
30982
30989
31007
31008
31043
31061
31061
31066
31079
31079
31084
31089
31111
31119
31126
31137
31157
31184
31191
31192
31205
31211
31225
31240
31255
31256
31268
31269
31287
31288
31293
31303
31320
31321
31327
31330
31340
31346
31352
31358
31360
31363
31367
31370
31404
31408
31428
31453
31466
31479
31482
31486
31501
31517
31520
31520
31543
31557
31574
31593
31608
31611
31643
31665
31676
31699
31701
31706
31707
31721
31750
31756
31762
31776
31786
31786
31798
31801
31819
31853
31855
31857
31861
31862
31866
31878
31887
31920
31927
31941
31949
31953
31953
31955
31974
31978
32012
32016
32024
32031
32035
32097
32119
32122
32124
32138
32150
32182
32188
32193
32232
32245
32253
32277
32279
32287
32293
32313
32316
32331
32336
32340
32340
32346
32357
32365
32372
32373
32387
32396
32401
32414
32416
32418
32430
32441
32442
32449
32459
32463
32472
32482
32485
32489
32502
32513
32532
32540
32545
32550
32556
32583
32584
32610
32628
32653
32663
32676
32680
32691
32698
32698
32709
32714
32714
32719
32722
32729
32732
32751
32764
32768
32801
32827
32829
32844
32855
32856
32860
32865
32866
32869
32878
32893
32894
32904
32912
32922
32954
32980
33015
33020
33020
33022
33030
33037
33046
33054
33060
33065
33066
33076
33080
33082
33090
33096
33100
33128
33133
33134
33151
33158
33166
33176
33206
33208
33219
33219
33227
33237
33267
33272
33279
33283
33287
33293
33300
33312
33332
33334
33335
33337
33351
33354
33358
33369
33381
33384
33395
33397
33406
33414
33436
33441
33444
33444
33447
33453
33456
33497
33511
33541
33545
33554
33567
33571
33589
33590
33594
33594
33623
33631
33636
33638
33655
33659
33665
33677
33677
33684
33685
33715
33717
33737
33747
33749
33758
33771
33777
33783
33786
33793
33801
33803
33824
33825
33829
33841
33844
33853
33866
33871
33886
33893
33896
33909
33919
33919
33950
33957
33966
33979
33980
34011
34017
34019
34019
34026
34035
34051
34064
34066
34073
34076
34079
34103
34107
34131
34134
34137
34165
34170
34191
34193
34203
34206
34206
34220
34220
34280
34287
34292
34294
34305
34313
34330
34333
34359
34365
34366
34376
34379
34386
34426
34434
34442
34447
34458
34460
34489
34507
34514
34517
34518
34521
34534
34537
34553
34555
34557
34565
34565
34574
34587
34598
34602
34606
34614
34632
34649
34675
34678
34678
34686
34687
34707
34737
34741
34754
34819
34824
34866
34897
34917
34928
34933
34959
34963
34971
34981
35006
35008
35012
35025
35029
35044
35059
35064
35086
35097
35109
35130
35167
35168
35168
35168
35181
35193
35198
35251
35254
35269
35280
35284
35285
35303
35309
35316
35327
35328
35342
35349
35356
35376
35384
35392
35395
35405
35410
35410
35421
35426
35433
35472
35478
35479
35480
35496
35498
35502
35508
35518
35523
35524
35532
35547
35560
35570
35573
35575
35584
35590
35612
35615
35615
35620
35659
35664
35685
35690
35694
35705
35707
35711
35727
35742
35748
35785
35798
35808
35818
35833
35835
35854
35864
35879
35893
35903
35935
35946
35953
35963
35967
35969
35985
35991
35991
35999
36026
36047
36047
36053
36061
36075
36097
36097
36105
36121
36122
36126
36132
36135
36159
36160
36173
36191
36192
36207
36258
36264
36264
36268
36278
36280
36285
36301
36320
36326
36331
36333
36352
36356
36361
36391
36395
36401
36407
36410
36414
36417
36452
36473
36476
36477
36479
36483
36485
36519
36526
36546
36551
36581
36583
36586
36601
36638
36643
36665
36668
36693
36735
36742
36744
36750
36757
36758
36772
36772
36783
36788
36792
36809
36830
36833
36846
36847
36854
36855
36862
36865
36877
36892
36906
36950
36974
37008
37017
37034
37044
37062
37073
37075
37080
37113
37146
37148
37152
37163
37166
37173
37174
37178
37211
37222
37232
37252
37269
37270
37282
37289
37290
37300
37306
37313
37327
37335
37338
37344
37347
37366
37394
37410
37444
37450
37471
37474
37517
37520
37526
37528
37534
37536
37557
37570
37582
37586
37598
37608
37610
37618
37632
37641
37642
37649
37681
37683
37705
37714
37714
37728
37740
37741
37744
37767
37807
37822
37838
37851
37863
37865
37897
37902
37918
37950
37952
37956
37966
37976
37982
38008
38023
38025
38033
38042
38043
38046
38051
38055
38070
38084
38088
38111
38150
38155
38161
38172
38176
38198
38201
38214
38218
38227
38233
38236
38237
38245
38249
38252
38271
38299
38301
38357
38364
38390
38405
38406
38414
38422
38434
38441
38443
38467
38478
38485
38496
38497
38502
38504
38513
38520
38520
38534
38535
38536
38555
38565
38566
38582
38593
38597
38601
38605
38606
38623
38632
38636
38637
38674
38686
38692
38699
38712
38720
38730
38733
38743
38761
38766
38769
38782
38786
38790
38798
38815
38821
38851
38854
38865
38871
38877
38888
38915
38916
38943
38959
38964
38990
39041
39050
39060
39061
39064
39095
39098
39114
39114
39126
39131
39137
39142
39177
39182
39186
39191
39209
39211
39221
39223
39232
39233
39233
39240
39259
39263
39271
39272
39277
39291
39297
39297
39298
39307
39321
39328
39341
39346
39347
39358
39365
39379
39396
39422
39443
39446
39449
39457
39462
39468
39469
39469
39481
39482
39485
39486
39495
39499
39502
39506
39521
39532
39545
39551
39586
39608
39612
39613
39633
39653
39655
39674
39689
39707
39752
39753
39776
39777
39783
39788
39790
39795
39801
39812
39831
39839
39849
39859
39859
39860
39880
39881
39892
39892
39894
39899
39906
39908
39924
39924
39935
39938
39944
39946
39946
39948
39951
39961
39961
39962
39984
39989
40002
40008
40009
40009
40015
40034
40039
40054
40079
40090
40094
40095
40109
40115
40126
40137
40146
40153
40158
40167
40181
40186
40188
40192
40201
40224
40253
40269
40280
40286
40296
40302
40304
40310
40310
40314
40320
40320
40329
40332
40337
40352
40353
40381
40391
40395
40413
40428
40433
40444
40459
40459
40460
40461
40475
40484
40487
40500
40515
40517
40536
40551
40551
40556
40565
40565
40570
40573
40575
40590
40602
40616
40619
40628
40644
40648
40674
40748
40749
40750
40757
40771
40790
40797
40828
40830
40831
40832
40840
40852
40853
40868
40874
40877
40897
40897
40904
40936
40941
40949
40951
40968
40974
40987
41008
41009
41032
41034
41067
41083
41086
41097
41100
41108
41139
41146
41147
41148
41156
41174
41180
41182
41189
41210
41224
41225
41230
41235
41242
41243
41256
41258
41262
41267
41285
41287
41300
41305
41322
41324
41325
41346
41349
41365
41370
41383
41383
41395
41405
41409
41418
41428
41428
41438
41438
41440
41441
41468
41485
41486
41490
41498
41502
41505
41533
41539
41545
41550
41608
41609
41612
41613
41630
41632
41647
41649
41653
41665
41668
41676
41684
41691
41693
41719
41741
41744
41749
41753
41761
41779
41797
41798
41799
41803
41803
41804
41814
41817
41819
41819
41828
41860
41869
41870
41882
41893
41899
41917
41933
41934
41940
41953
41955
41966
41976
41979
41997
42005
42022
42027
42029
42035
42043
42049
42049
42054
42115
42136
42163
42166
42170
42171
42189
42205
42209
42215
42222
42230
42237
42245
42245
42254
42258
42261
42278
42285
42289
42294
42297
42318
42321
42326
42330
42350
42364
42368
42369
42378
42387
42393
42402
42417
42421
42426
42447
42482
42486
42491
42493
42501
42506
42512
42519
42539
42555
42572
42579
42598
42608
42618
42624
42627
42629
42668
42676
42681
42685
42688
42693
42701
42717
42720
42735
42750
42761
42764
42765
42772
42784
42805
42828
42842
42857
42860
42861
42874
42877
42892
42895
42902
42909
42918
42934
42937
42940
42954
42963
42967
43005
43006
43011
43031
43031
43042
43068
43071
43084
43119
43131
43132
43134
43136
43146
43150
43154
43164
43171
43172
43179
43185
43213
43217
43221
43238
43239
43252
43255
43260
43266
43268
43279
43288
43296
43302
43305
43320
43321
43328
43329
43329
43330
43333
43334
43338
43342
43342
43346
43346
43347
43353
43353
43354
43374
43395
43400
43413
43415
43422
43463
43481
43504
43533
43541
43541
43549
43551
43561
43562
43574
43585
43601
43612
43620
43622
43623
43632
43639
43645
43665
43667
43669
43678
43679
43689
43707
43723
43724
43726
43734
43748
43763
43763
43767
43819
43820
43822
43822
43831
43843
43844
43873
43876
43882
43887
43894
43897
43921
43923
43943
43958
43965
43975
43984
44000
44006
44010
44016
44017
44024
44026
44079
44091
44092
44094
44102
44117
44118
44122
44131
44136
44170
44187
44197
44223
44255
44257
44295
44295
44299
44299
44307
44317
44318
44320
44322
44334
44335
44345
44355
44399
44402
44404
44436
44437
44455
44483
44500
44507
44513
44531
44536
44538
44554
44556
44564
44566
44591
44594
44626
44644
44651
44666
44676
44682
44683
44693
44695
44697
44705
44718
44727
44752
44757
44765
44789
44800
44800
44811
44811
44832
44850
44851
44853
44864
44877
44886
44887
44920
44953
44960
44963
44985
45024
45028
45032
45036
45048
45051
45054
45060
45065
45075
45101
45101
45121
45123
45125
45132
45145
45151
45152
45157
45159
45174
45179
45183
45188
45210
45216
45221
45264
45266
45287
45294
45369
45371
45375
45408
45433
45433
45438
45441
45449
45474
45476
45516
45526
45555
45572
45577
45581
45593
45595
45609
45612
45614
45622
45624
45628
45639
45646
45680
45681
45692
45706
45720
45734
45739
45760
45761
45766
45767
45768
45773
45785
45819
45819
45821
45827
45845
45846
45849
45878
45887
45900
45903
45910
45912
45913
45914
45941
45957
45964
45970
45976
45986
45994
46006
46014
46017
46024
46026
46026
46044
46051
46061
46086
46090
46095
46103
46104
46107
46114
46116
46123
46126
46133
46145
46160
46163
46171
46172
46176
46190
46217
46239
46254
46256
46264
46281
46288
46298
46307
46316
46317
46320
46341
46354
46385
46391
46391
46429
46432
46451
46456
46468
46474
46489
46492
46509
46510
46519
46524
46529
46530
46562
46563
46574
46581
46587
46593
46596
46605
46611
46621
46625
46651
46666
46672
46683
46715
46727
46742
46749
46752
46784
46785
46802
46834
46836
46859
46863
46876
46878
46878
46884
46893
46897
46912
46915
46927
46927
46952
46955
46960
46987
46991
47001
47012
47014
47018
47031
47047
47069
47073
47076
47078
47079
47087
47093
47100
47126
47129
47162
47163
47168
47202
47202
47223
47229
47284
47290
47301
47303
47327
47331
47349
47361
47362
47364
47373
47380
47388
47397
47409
47439
47442
47447
47455
47501
47503
47503
47519
47536
47555
47566
47570
47600
47618
47636
47637
47639
47645
47657
47666
47672
47694
47701
47706
47715
47720
47737
47758
47767
47783
47784
47789
47807
47838
47841
47861
47862
47865
47897
47897
47900
47900
47917
47954
47955
47959
47962
47966
47975
47982
47994
47999
48002
48004
48009
48015
48025
48037
48043
48057
48059
48060
48101
48117
48144
48153
48153
48170
48172
48193
48200
48201
48206
48221
48223
48231
48248
48250
48253
48259
48261
48273
48291
48323
48340
48358
48365
48367
48405
48417
48423
48427
48429
48436
48441
48442
48467
48500
48502
48504
48572
48614
48625
48635
48639
48640
48655
48656
48657
48664
48668
48668
48673
48677
48682
48687
48696
48700
48713
48729
48754
48763
48776
48777
48848
48858
48863
48866
48871
48875
48876
48880
48888
48889
48894
48900
48920
48922
48941
48942
48980
48981
48995
49024
49026
49043
49061
49073
49074
49079
49082
49106
49111
49122
49127
49146
49147
49173
49177
49186
49198
49204
49221
49228
49233
49247
49249
49273
49291
49309
49315
49346
49359
49360
49360
49387
49391
49396
49396
49415
49421
49427
49432
49449
49476
49484
49485
49515
49522
49527
49533
49546
49553
49559
49562
49577
49579
49582
49587
49589
49595
49598
49605
49617
49642
49642
49656
49657
49658
49675
49678
49695
49706
49716
49722
49724
49735
49748
49749
49762
49774
49787
49802
49807
49814
49822
49842
49846
49851
49865
49873
49894
49896
49900
49902
49906
49907
49945
49959
49971
49984
49985
49987
49993
49995
50001
50023
50029
50054
50059
50063
50064
50066
50096
50102
50112
50119
50120
50120
50130
50136
50139
50139
50207
50212
50235
50235
50237
50239
50246
50253
50272
50278
50293
50294
50297
50300
50304
50316
50316
50331
50338
50339
50345
50350
50360
50384
50422
50424
50426
50440
50447
50454
50456
50473
50492
50506
50511
50523
50548
50551
50562
50581
50593
50605
50651
50660
50672
50694
50732
50742
50770
50779
50783
50785
50793
50795
50795
50802
50807
50853
50857
50861
50864
50872
50879
50880
50896
50900
50916
50920
50924
50925
50929
50937
50965
50967
50968
50999
51006
51017
51020
51031
51039
51045
51051
51077
51078
51084
51098
51101
51113
51126
51126
51151
51151
51153
51153
51170
51180
51182
51184
51184
51190
51192
51209
51219
51230
51245
51261
51269
51269
51274
51300
51318
51324
51331
51360
51363
51371
51379
51397
51398
51402
51413
51426
51429
51445
51469
51470
51477
51486
51487
51487
51520
51533
51534
51535
51551
51564
51578
51589
51600
51662
51664
51665
51680
51681
51689
51699
51710
51714
51724
51749
51752
51769
51794
51797
51811
51814
51818
51820
51847
51849
51864
51873
51907
51914
51945
51945
51965
51982
52003
52023
52033
52033
52050
52052
52055
52063
52067
52092
52112
52121
52161
52197
52199
52205
52235
52241
52250
52272
52282
52331
52344
52345
52354
52360
52361
52362
52368
52373
52385
52390
52391
52395
52397
52397
52421
52434
52448
52455
52462
52478
52484
52525
52532
52544
52590
52593
52600
52603
52604
52607
52623
52631
52637
52650
52670
52688
52696
52705
52789
52801
52817
52832
52844
52848
52860
52881
52898
52909
52913
52921
52921
52935
52935
52943
52959
52965
52966
52967
52971
52997
53011
53012
53013
53018
53021
53032
53036
53044
53049
53067
53076
53081
53086
53109
53111
53114
53123
53123
53125
53135
53154
53178
53180
53181
53183
53191
53207
53219
53223
53232
53238
53248
53250
53251
53262
53264
53270
53276
53288
53300
53302
53314
53318
53339
53351
53364
53366
53381
53453
53453
53453
53468
53468
53510
53517
53519
53531
53533
53538
53540
53551
53552
53619
53631
53635
53650
53655
53655
53656
53662
53681
53688
53711
53715
53725
53728
53733
53746
53752
53757
53767
53767
53768
53772
53772
53775
53809
53814
53820
53824
53838
53847
53848
53856
53879
53897
53914
53921
53931
53952
53960
53968
53980
53999
54026
54044
54046
54060
54061
54085
54106
54117
54138
54138
54139
54140
54150
54165
54181
54191
54194
54197
54218
54222
54254
54264
54269
54283
54328
54331
54335
54336
54367
54370
54385
54385
54390
54398
54402
54428
54430
54439
54446
54452
54464
54473
54475
54479
54487
54507
54515
54533
54565
54592
54592
54598
54601
54614
54616
54631
54645
54645
54651
54668
54677
54692
54697
54705
54709
54722
54725
54731
54733
54734
54739
54761
54764
54769
54771
54773
54778
54793
54793
54803
54806
54812
54819
54823
54831
54836
54841
54847
54848
54850
54851
54853
54857
54865
54871
54881
54885
54890
54892
54902
54907
54908
54916
54923
54941
54943
54952
54959
54960
54976
54977
54985
54993
55015
55018
55046
55051
55051
55053
55064
55071
55082
55090
55101
55104
55108
55109
55116
55120
55121
55121
55128
55129
55137
55145
55150
55150
55163
55166
55168
55171
55174
55177
55183
55184
55190
55196
55201
55205
55213
55239
55241
55245
55253
55272
55276
55292
55309
55312
55318
55318
55334
55337
55340
55342
55345
55347
55348
55367
55388
55403
55417
55421
55424
55449
55451
55462
55472
55493
55500
55521
55522
55536
55545
55550
55553
55556
55565
55571
55571
55580
55599
55601
55605
55606
55617
55621
55621
55636
55658
55669
55691
55702
55705
55706
55713
55715
55715
55726
55739
55750
55777
55798
55801
55811
55812
55816
55823
55830
55847
55858
55864
55867
55870
55873
55887
55891
55903
55924
55928
55929
55933
55954
55955
55958
55966
55998
55999
56007
56023
56034
56040
56046
56055
56088
56097
56129
56140
56146
56163
56164
56165
56166
56187
56195
56201
56209
56232
56239
56249
56253
56262
56263
56272
56277
56291
56318
56319
56325
56328
56344
56346
56355
56364
56373
56388
56406
56424
56446
56458
56459
56471
56472
56489
56490
56490
56498
56508
56508
56508
56513
56523
56527
56539
56542
56551
56578
56589
56591
56612
56615
56624
56634
56643
56646
56667
56671
56687
56691
56693
56702
56704
56717
56718
56756
56758
56759
56767
56770
56774
56824
56828
56837
56869
56874
56891
56892
56895
56899
56900
56918
56919
56920
56949
56965
56981
56981
56985
56986
56987
57003
57035
57038
57054
57055
57070
57073
57074
57082
57087
57088
57090
57115
57125
57134
57140
57147
57148
57149
57154
57173
57173
57182
57182
57187
57189
57199
57211
57232
57232
57243
57260
57271
57276
57276
57291
57303
57306
57320
57321
57325
57343
57360
57373
57387
57414
57418
57462
57463
57482
57509
57515
57523
57523
57557
57561
57598
57599
57600
57606
57613
57619
57621
57622
57626
57635
57639
57657
57672
57675
57678
57683
57695
57710
57724
57731
57733
57740
57742
57744
57763
57801
57804
57806
57815
57815
57820
57824
57828
57867
57877
57894
57923
57930
57939
57960
57963
57964
57981
57989
58010
58038
58045
58053
58053
58055
58075
58089
58095
58126
58131
58137
58142
58160
58169
58178
58180
58197
58258
58270
58276
58282
58283
58285
58296
58301
58307
58308
58309
58309
58325
58348
58350
58352
58356
58379
58398
58405
58415
58422
58424
58425
58463
58488
58496
58512
58513
58516
58519
58521
58523
58523
58542
58543
58547
58550
58557
58582
58585
58597
58602
58612
58624
58627
58632
58633
58634
58638
58645
58648
58652
58653
58670
58692
58709
58711
58722
58734
58741
58756
58758
58762
58765
58827
58833
58836
58846
58846
58849
58849
58857
58873
58881
58886
58886
58891
58921
58937
58954
58956
58973
58977
58981
59008
59011
59034
59041
59046
59049
59078
59081
59103
59110
59116
59123
59132
59135
59136
59142
59162
59163
59179
59180
59184
59191
59200
59233
59244
59247
59252
59264
59278
59291
59308
59309
59315
59320
59332
59338
59342
59342
59370
59373
59377
59379
59392
59398
59406
59408
59410
59410
59426
59439
59444
59452
59452
59453
59453
59462
59463
59464
59477
59484
59499
59508
59510
59530
59579
59580
59617
59623
59633
59680
59687
59711
59719
59729
59740
59746
59750
59751
59752
59759
59767
59770
59782
59787
59791
59811
59821
59834
59850
59852
59857
59872
59873
59900
59903
59912
59916
59922
59929
59935
59935
59942
59956
59962
59974
59982
60003
60009
60031
60032
60035
60057
60082
60109
60117
60120
60122
60127
60137
60140
60145
60154
60173
60181
60192
60200
60221
60233
60242
60245
60255
60258
60258
60269
60280
60290
60307
60317
60317
60332
60349
60367
60377
60379
60402
60413
60415
60416
60418
60420
60420
60438
60440
60444
60445
60446
60473
60487
60491
60502
60528
60530
60533
60537
60542
60561
60563
60563
60581
60586
60609
60617
60621
60624
60666
60674
60679
60690
60691
60695
60697
60715
60736
60770
60786
60791
60791
60806
60818
60839
60844
60845
60847
60854
60860
60878
60883
60895
60905
60906
60926
60957
60967
60972
60978
60984
60988
61007
61031
61041
61054
61084
61093
61115
61121
61136
61148
61167
61180
61180
61184
61223
61230
61233
61235
61244
61251
61256
61257
61259
61276
61287
61294
61301
61307
61314
61345
61365
61377
61378
61379
61379
61385
61395
61398
61402
61402
61404
61413
61420
61426
61428
61429
61435
61467
61472
61479
61488
61498
61526
61537
61545
61547
61557
61565
61567
61587
61598
61605
61607
61612
61614
61617
61619
61624
61634
61645
61680
61680
61691
61701
61707
61708
61731
61741
61750
61758
61786
61792
61794
61794
61804
61805
61808
61814
61841
61849
61871
61875
61883
61885
61891
61894
61895
61912
61915
61917
61947
61974
62004
62015
62016
62023
62041
62045
62050
62050
62054
62060
62061
62091
62092
62104
62138
62146
62150
62161
62164
62180
62206
62209
62223
62233
62250
62259
62260
62261
62263
62268
62273
62281
62291
62305
62307
62313
62343
62351
62357
62363
62372
62372
62379
62388
62394
62407
62426
62436
62462
62463
62470
62470
62489
62489
62507
62514
62515
62540
62541
62557
62561
62563
62569
62576
62581
62589
62594
62597
62603
62606
62625
62625
62628
62640
62640
62649
62657
62659
62670
62682
62687
62687
62691
62693
62694
62694
62737
62746
62749
62754
62765
62767
62786
62801
62804
62810
62811
62829
62832
62838
62851
62852
62860
62860
62864
62875
62881
62895
62895
62904
62910
62910
62911
62917
62928
62943
62952
62986
62987
62999
63006
63015
63043
63051
63051
63054
63058
63086
63128
63163
63165
63177
63183
63183
63186
63198
63207
63214
63218
63220
63231
63252
63267
63291
63292
63294
63299
63307
63325
63354
63361
63376
63384
63400
63421
63427
63441
63445
63448
63458
63461
63462
63465
63469
63472
63474
63483
63510
63516
63520
63528
63539
63539
63546
63549
63562
63573
63576
63589
63589
63640
63643
63649
63656
63660
63670
63693
63696
63717
63717
63723
63744
63759
63774
63781
63798
63800
63805
63831
63839
63852
63852
63859
63875
63900
63901
63942
63944
63954
63964
63970
63976
63976
63980
63993
64001
64001
64026
64029
64034
64042
64054
64056
64057
64057
64061
64073
64083
64083
64086
64086
64088
64114
64125
64134
64134
64135
64141
64147
64155
64172
64173
64183
64193
64200
64201
64216
64222
64235
64290
64302
64332
64340
64346
64351
64359
64374
64394
64409
64415
64421
64423
64465
64481
64482
64485
64495
64516
64521
64522
64536
64553
64555
64557
64568
64572
64635
64639
64646
64670
64685
64689
64701
64701
64704
64708
64710
64714
64738
64751
64771
64772
64772
64805
64809
64816
64819
64820
64821
64825
64826
64844
64882
64887
64900
64917
64918
64926
64953
64963
64974
64984
64989
64994
65018
65018
65030
65035
65044
65049
65059
65062
65105
65125
65134
65138
65147
65149
65157
65159
65191
65197
65200
65206
65217
65236
65254
65254
65265
65266
65272
65279
65295
65314
65316
65324
65329
65334
65340
65353
65356
65356
65370
65392
65427
65427
65433
65435
65437
65440
65454
65474
65480
65486
65486
65498
65520
65538
65540
65552
65565
65565
65571
65598
65611
65632
65646
65650
65661
65667
65668
65690
65690
65693
65725
65734
65751
65757
65777
65778
65789
65793
65796
65840
65851
65854
65877
65885
65912
65912
65917
65921
65942
65955
65995
65995
66004
66013
66015
66028
66039
66041
66049
66050
66059
66066
66092
66093
66094
66113
66117
66127
66145
66147
66157
66166
66170
66179
66181
66182
66204
66209
66217
66234
66250
66272
66283
66291
66293
66299
66311
66323
66342
66367
66368
66382
66387
66387
66400
66406
66418
66422
66424
66432
66441
66448
66472
66513
66520
66532
66553
66562
66563
66586
66587
66600
66636
66640
66658
66670
66674
66677
66702
66719
66722
66725
66732
66741
66750
66769
66786
66787
66797
66839
66852
66855
66865
66869
66876
66877
66905
66906
66907
66913
66925
66927
66953
66955
66965
66969
66987
66990
66991
66992
66996
67000
67001
67005
67057
67058
67059
67061
67074
67080
67090
67097
67098
67112
67113
67153
67154
67164
67188
67196
67210
67215
67218
67225
67226
67229
67235
67245
67275
67298
67302
67306
67309
67313
67316
67325
67325
67337
67348
67356
67357
67362
67367
67381
67382
67385
67389
67400
67406
67407
67420
67424
67427
67427
67430
67441
67463
67465
67491
67491
67511
67516
67520
67526
67538
67556
67566
67567
67578
67586
67615
67619
67626
67650
67658
67660
67669
67709
67720
67726
67728
67747
67763
67766
67833
67853
67855
67878
67885
67893
67906
67923
67929
67947
67968
67978
67980
67991
68001
68001
68009
68014
68019
68022
68051
68053
68066
68073
68073
68076
68078
68089
68092
68097
68122
68125
68143
68144
68153
68164
68164
68167
68184
68188
68189
68192
68203
68219
68230
68279
68281
68283
68285
68296
68301
68312
68324
68325
68325
68326
68331
68332
68333
68341
68351
68359
68400
68402
68415
68425
68443
68446
68462
68472
68484
68488
68488
68499
68510
68511
68514
68536
68551
68553
68562
68563
68563
68581
68590
68614
68616
68628
68629
68638
68640
68654
68679
68694
68697
68727
68727
68743
68746
68802
68831
68859
68874
68889
68894
68913
68914
68980
69002
69006
69013
69015
69035
69038
69062
69065
69069
69078
69092
69101
69103
69103
69119
69127
69133
69134
69138
69152
69155
69156
69159
69168
69171
69179
69186
69197
69201
69203
69205
69225
69227
69235
69241
69257
69262
69273
69277
69281
69290
69303
69310
69311
69313
69317
69320
69326
69328
69348
69361
69376
69380
69380
69389
69419
69420
69434
69461
69469
69472
69473
69478
69491
69492
69515
69524
69528
69529
69533
69539
69568
69579
69588
69595
69608
69612
69626
69633
69638
69639
69645
69654
69672
69673
69761
69762
69768
69779
69793
69800
69802
69806
69813
69815
69815
69830
69838
69844
69854
69863
69892
69901
69901
69923
69928
69937
69943
69945
69987
69993
69995
70006
70019
70032
70032
70033
70037
70040
70041
70046
70055
70061
70072
70091
70098
70105
70133
70133
70136
70153
70155
70156
70157
70161
70175
70177
70185
70186
70191
70230
70234
70239
70244
70258
70260
70268
70274
70294
70304
70309
70312
70317
70319
70322
70327
70335
70337
70341
70352
70354
70361
70361
70392
70396
70402
70409
70418
70420
70424
70436
70451
70454
70458
70461
70483
70486
70494
70497
70499
70505
70510
70520
70524
70533
70539
70542
70575
70581
70598
70605
70606
70609
70615
70659
70688
70691
70713
70717
70741
70756
70763
70778
70778
70789
70803
70810
70816
70817
70818
70832
70834
70841
70853
70894
70902
70910
70920
70939
70942
70951
70956
70959
70963
70971
70994
71003
71004
71008
71017
71022
71036
71038
71049
71052
71074
71080
71112
71134
71139
71157
71159
71167
71176
71183
71192
71192
71193
71195
71213
71226
71229
71232
71270
71281
71296
71302
71311
71312
71314
71323
71337
71384
71390
71408
71423
71433
71451
71461
71467
71472
71481
71486
71489
71497
71507
71509
71516
71527
71534
71538
71541
71547
71564
71570
71596
71607
71610
71611
71617
71620
71633
71639
71655
71661
71674
71682
71683
71686
71691
71691
71703
71706
71723
71732
71736
71737
71741
71756
71757
71763
71765
71768
71773
71783
71783
71790
71799
71812
71816
71853
71859
71859
71864
71889
71895
71895
71896
71897
71902
71905
71929
71941
71963
71968
71969
71998
71999
72000
72002
72017
72021
72025
72032
72049
72049
72052
72056
72062
72066
72078
72080
72087
72093
72101
72104
72114
72114
72128
72133
72161
72177
72189
72203
72217
72227
72230
72234
72245
72266
72266
72304
72306
72308
72320
72321
72321
72322
72330
72341
72343
72345
72348
72352
72385
72399
72422
72425
72459
72460
72460
72486
72509
72510
72514
72514
72531
72539
72550
72575
72578
72609
72620
72633
72638
72652
72658
72661
72694
72706
72706
72707
72714
72721
72723
72725
72736
72759
72761
72765
72772
72780
72784
72797
72816
72820
72832
72840
72849
72851
72856
72861
72867
72868
72875
72885
72885
72886
72891
72895
72905
72908
72911
72915
72928
72936
72938
72939
72951
72976
72977
72979
72987
72989
72999
73013
73018
73030
73043
73044
73044
73074
73105
73107
73121
73150
73150
73157
73158
73175
73182
73182
73216
73248
73269
73271
73272
73277
73286
73304
73310
73315
73316
73327
73333
73338
73339
73364
73366
73371
73391
73425
73426
73436
73440
73441
73442
73444
73446
73448
73451
73458
73463
73474
73480
73490
73501
73510
73533
73554
73556
73567
73585
73589
73591
73602
73604
73605
73612
73619
73620
73626
73647
73655
73661
73671
73673
73678
73697
73697
73716
73724
73727
73731
73743
73746
73765
73769
73770
73771
73775
73796
73800
73804
73805
73823
73836
73837
73845
73853
73866
73869
73890
73898
73916
73923
73926
73926
73948
73972
73982
73984
73986
73989
74002
74004
74008
74020
74022
74026
74040
74044
74071
74086
74092
74093
74109
74113
74116
74117
74119
74144
74160
74166
74172
74175
74193
74194
74195
74197
74228
74235
74249
74250
74284
74315
74324
74336
74364
74367
74370
74371
74385
74395
74395
74397
74400
74405
74406
74414
74428
74437
74437
74442
74455
74461
74464
74467
74474
74512
74513
74517
74539
74540
74551
74555
74560
74570
74572
74601
74609
74614
74615
74619
74640
74645
74652
74656
74665
74673
74681
74706
74708
74711
74713
74714
74717
74726
74730
74732
74736
74742
74747
74751
74756
74803
74804
74807
74809
74824
74844
74844
74872
74884
74890
74892
74908
74930
74968
74979
74985
74996
74999
75025
75048
75055
75072
75083
75103
75116
75118
75139
75145
75169
75179
75224
75228
75244
75248
75248
75257
75262
75273
75279
75285
75292
75297
75300
75311
75340
75348
75352
75361
75361
75364
75393
75393
75401
75403
75407
75415
75420
75437
75452
75467
75479
75485
75500
75505
75507
75520
75545
75547
75549
75559
75578
75581
75605
75609
75627
75640
75644
75645
75649
75666
75670
75688
75694
75694
75700
75703
75722
75730
75740
75760
75768
75770
75771
75785
75797
75823
75825
75833
75833
75854
75865
75881
75881
75884
75888
75893
75898
75904
75909
75912
75925
75937
75981
75986
75988
75989
75995
75998
76014
76015
76042
76042
76043
76053
76063
76080
76088
76094
76095
76095
76096
76107
76112
76119
76121
76126
76133
76147
76163
76172
76176
76192
76203
76224
76234
76235
76248
76254
76255
76259
76271
76272
76285
76307
76311
76329
76329
76330
76354
76365
76372
76374
76378
76401
76424
76427
76433
76461
76468
76481
76509
76524
76569
76569
76574
76591
76594
76598
76613
76613
76617
76638
76646
76661
76667
76674
76692
76709
76722
76742
76753
76758
76770
76801
76828
76842
76843
76865
76866
76866
76869
76888
76892
76917
77000
77086
77091
77092
77107
77149
77188
77204
77205
77247
77253
77258
77274
77279
77284
77285
77289
77294
77302
77316
77320
77336
77339
77340
77344
77358
77360
77363
77375
77386
77387
77390
77393
77393
77406
77423
77431
77439
77446
77450
77461
77463
77470
77475
77476
77479
77500
77512
77513
77514
77520
77527
77532
77537
77549
77555
77569
77586
77588
77617
77634
77640
77654
77662
77684
77686
77702
77704
77717
77720
77723
77732
77744
77751
77759
77765
77769
77770
77780
77795
77805
77808
77811
77818
77839
77863
77864
77874
77879
77893
77911
77915
77925
77955
77960
77961
77965
77973
78009
78017
78024
78031
78039
78039
78056
78068
78076
78082
78123
78124
78127
78137
78138
78146
78198
78199
78211
78214
78215
78216
78219
78222
78224
78226
78243
78247
78259
78270
78272
78309
78311
78317
78331
78351
78358
78361
78361
78362
78390
78396
78397
78448
78449
78451
78459
78504
78516
78523
78528
78534
78545
78552
78557
78567
78577
78585
78590
78607
78626
78632
78634
78636
78645
78650
78653
78668
78674
78680
78687
78693
78738
78741
78744
78745
78747
78748
78766
78774
78779
78791
78792
78796
78811
78822
78861
78887
78908
78912
78922
78922
78931
78932
78934
78941
78941
78944
78961
78962
78963
78966
78966
78966
78998
78999
79003
79009
79009
79010
79014
79014
79033
79045
79065
79076
79079
79097
79114
79121
79121
79129
79130
79134
79147
79149
79150
79158
79176
79180
79190
79197
79230
79255
79260
79273
79285
79290
79306
79310
79323
79325
79343
79345
79354
79386
79394
79405
79405
79426
79440
79455
79460
79464
79470
79478
79487
79503
79504
79505
79509
79524
79562
79596
79600
79602
79607
79619
79621
79630
79631
79631
79658
79671
79695
79726
79736
79745
79748
79759
79763
79772
79783
79785
79794
79796
79805
79806
79807
79821
79837
79851
79856
79862
79863
79864
79869
79892
79893
79904
79919
79919
79920
79927
79936
79949
79959
79969
79974
79977
79986
79990
80040
80042
80055
80067
80070
80073
80075
80077
80080
80082
80093
80127
80152
80154
80156
80158
80164
80170
80175
80177
80212
80215
80220
80231
80232
80232
80238
80250
80260
80268
80298
80301
80328
80328
80366
80401
80402
80439
80449
80452
80478
80479
80491
80503
80505
80518
80519
80544
80547
80547
80561
80562
80579
80581
80599
80604
80613
80615
80620
80629
80632
80655
80655
80662
80676
80687
80699
80703
80713
80722
80724
80766
80788
80797
80797
80804
80807
80830
80833
80839
80841
80845
80929
80932
80945
80953
80955
80962
80964
80964
80978
80981
80984
80985
81008
81019
81023
81029
81029
81031
81036
81049
81057
81061
81072
81077
81083
81090
81098
81111
81112
81113
81121
81140
81142
81150
81152
81167
81171
81191
81198
81204
81216
81219
81222
81241
81246
81250
81255
81277
81297
81302
81332
81336
81338
81346
81376
81383
81394
81398
81407
81407
81423
81424
81428
81433
81443
81476
81479
81482
81499
81500
81521
81541
81542
81560
81565
81589
81595
81611
81612
81623
81630
81649
81657
81657
81661
81664
81669
81670
81670
81674
81731
81736
81737
81749
81763
81799
81802
81824
81825
81829
81848
81865
81869
81881
81914
81916
81919
81928
81929
81945
81950
81954
81968
81971
82004
82007
82011
82032
82039
82047
82048
82090
82096
82108
82109
82112
82130
82135
82147
82167
82169
82181
82205
82207
82216
82216
82225
82246
82266
82288
82292
82307
82318
82334
82342
82374
82385
82390
82396
82436
82438
82452
82452
82452
82459
82461
82467
82491
82502
82508
82510
82511
82513
82516
82534
82547
82554
82559
82568
82625
82655
82658
82668
82668
82673
82674
82690
82696
82710
82712
82721
82750
82756
82764
82769
82784
82786
82796
82808
82823
82829
82843
82852
82863
82875
82888
82896
82905
82919
82920
82930
82934
82938
82943
82962
82963
82972
82989
83004
83009
83012
83062
83073
83088
83113
83119
83120
83128
83135
83142
83149
83157
83163
83179
83183
83185
83185
83190
83197
83198
83200
83202
83222
83226
83255
83270
83274
83276
83327
83340
83345
83364
83365
83377
83381
83401
83416
83420
83421
83422
83425
83460
83465
83470
83475
83515
83524
83527
83549
83553
83561
83562
83586
83596
83597
83603
83614
83616
83622
83623
83656
83657
83658
83678
83690
83696
83707
83719
83743
83749
83759
83760
83761
83765
83766
83767
83771
83789
83792
83809
83811
83824
83840
83879
83881
83900
83904
83909
83934
83937
83938
83940
83941
83943
83948
83950
83954
83959
83966
83967
83991
83995
84003
84024
84025
84026
84035
84036
84046
84049
84060
84063
84066
84085
84086
84107
84113
84116
84121
84137
84138
84150
84156
84160
84170
84172
84174
84178
84199
84218
84262
84263
84278
84301
84303
84309
84319
84355
84357
84358
84370
84376
84398
84398
84410
84410
84412
84416
84429
84432
84445
84446
84471
84478
84486
84486
84490
84490
84491
84507
84512
84520
84535
84536
84541
84546
84575
84591
84622
84633
84640
84644
84645
84650
84651
84674
84681
84687
84704
84734
84740
84746
84746
84752
84760
84762
84769
84769
84775
84775
84777
84792
84813
84832
84844
84856
84866
84884
84901
84909
84909
84921
84931
84966
84972
84985
84990
84994
84995
85008
85016
85017
85041
85044
85045
85056
85093
85100
85136
85149
85162
85182
85200
85203
85239
85239
85241
85242
85256
85269
85303
85308
85332
85380
85380
85381
85385
85391
85393
85404
85421
85427
85443
85448
85454
85456
85459
85471
85480
85504
85505
85506
85508
85514
85514
85522
85574
85574
85578
85580
85583
85584
85590
85591
85601
85602
85607
85625
85643
85652
85670
85671
85682
85703
85730
85730
85738
85750
85798
85811
85819
85822
85829
85839
85843
85845
85849
85862
85869
85869
85872
85879
85885
85893
85897
85905
85917
85940
85945
85963
85964
85972
85978
85979
85991
86001
86008
86010
86028
86036
86050
86059
86077
86085
86094
86102
86123
86124
86157
86169
86173
86194
86205
86212
86213
86220
86242
86254
86269
86275
86277
86279
86306
86308
86327
86329
86330
86343
86369
86386
86400
86401
86409
86429
86435
86436
86464
86465
86490
86491
86545
86548
86577
86604
86609
86613
86638
86658
86662
86673
86679
86704
86720
86759
86764
86769
86803
86821
86826
86832
86854
86872
86874
86874
86900
86913
86940
86949
86951
86954
86962
86967
86974
87002
87003
87061
87075
87085
87086
87087
87088
87093
87095
87099
87100
87101
87103
87103
87103
87111
87117
87129
87139
87160
87161
87188
87189
87192
87196
87199
87207
87211
87217
87220
87220
87225
87255
87261
87263
87273
87277
87288
87293
87299
87310
87315
87321
87344
87363
87372
87372
87390
87392
87395
87395
87396
87399
87406
87412
87415
87428
87428
87429
87436
87442
87455
87465
87472
87474
87484
87491
87493
87495
87498
87506
87517
87539
87540
87545
87552
87558
87565
87567
87580
87599
87599
87626
87630
87637
87648
87650
87673
87689
87692
87703
87707
87729
87729
87733
87735
87753
87765
87790
87817
87822
87834
87842
87848
87853
87873
87873
87877
87877
87894
87908
87913
87916
87917
87932
87944
87952
87967
87972
87977
87995
88017
88038
88060
88090
88094
88106
88133
88138
88151
88153
88167
88176
88188
88205
88215
88219
88222
88234
88244
88256
88270
88283
88292
88292
88300
88304
88310
88339
88344
88344
88348
88351
88370
88388
88417
88424
88442
88471
88485
88488
88495
88499
88510
88512
88515
88516
88523
88555
88570
88573
88632
88633
88647
88657
88682
88696
88708
88712
88727
88730
88730
88732
88748
88767
88767
88801
88808
88816
88844
88851
88855
88874
88875
88894
88905
88936
88937
88958
88991
89017
89024
89036
89055
89062
89079
89110
89144
89144
89155
89175
89182
89183
89187
89191
89198
89200
89212
89223
89230
89237
89241
89270
89288
89298
89317
89322
89330
89337
89345
89362
89383
89385
89395
89396
89403
89408
89423
89436
89438
89441
89475
89478
89479
89487
89498
89506
89541
89543
89544
89567
89591
89611
89619
89630
89636
89645
89652
89652
89663
89668
89669
89680
89708
89717
89730
89731
89732
89752
89754
89756
89762
89766
89772
89783
89795
89795
89796
89799
89806
89822
89846
89848
89849
89854
89858
89868
89882
89888
89891
89916
89922
89937
89940
89966
89966
89977
89982
89983
89987
89988
89995
90011
90014
90028
90043
90046
90062
90073
90084
90094
90101
90103
90117
90136
90138
90147
90161
90168
90184
90186
90199
90222
90233
90244
90266
90274
90278
90286
90291
90291
90291
90292
90294
90312
90331
90333
90364
90371
90389
90390
90393
90394
90403
90405
90408
90408
90411
90413
90415
90420
90438
90438
90439
90441
90455
90456
90456
90464
90469
90492
90504
90525
90546
90552
90557
90560
90595
90602
90602
90604
90622
90630
90632
90662
90675
90680
90690
90693
90694
90694
90694
90717
90722
90726
90755
90756
90768
90788
90790
90797
90814
90823
90826
90828
90834
90843
90844
90849
90856
90896
90898
90920
90930
90948
90988
91001
91022
91023
91027
91030
91032
91061
91073
91080
91081
91087
91100
91101
91102
91109
91111
91133
91141
91142
91144
91160
91161
91161
91193
91209
91216
91222
91226
91226
91228
91229
91236
91250
91251
91251
91258
91269
91280
91280
91294
91308
91315
91335
91336
91341
91350
91376
91381
91387
91390
91404
91410
91412
91413
91413
91418
91426
91432
91435
91465
91474
91485
91527
91557
91560
91565
91577
91626
91649
91656
91667
91686
91714
91719
91728
91728
91735
91745
91753
91765
91774
91783
91784
91784
91785
91789
91793
91796
91810
91848
91850
91851
91852
91856
91860
91879
91885
91896
91925
91937
91939
91971
91971
91976
91987
91990
92013
92033
92042
92048
92054
92062
92065
92065
92087
92094
92098
92106
92111
92148
92178
92182
92186
92192
92199
92200
92202
92213
92245
92256
92256
92265
92297
92306
92320
92328
92344
92352
92361
92365
92392
92395
92405
92408
92410
92413
92420
92423
92426
92428
92441
92463
92465
92472
92511
92511
92514
92542
92549
92564
92568
92569
92570
92585
92589
92603
92611
92615
92635
92639
92667
92681
92682
92691
92692
92705
92714
92727
92738
92745
92746
92778
92809
92816
92816
92824
92832
92852
92861
92861
92862
92871
92875
92883
92911
92920
92929
92934
92948
92951
92952
92985
92987
93000
93021
93023
93037
93071
93095
93107
93112
93120
93124
93133
93169
93173
93224
93231
93234
93237
93272
93299
93301
93338
93353
93353
93356
93358
93363
93381
93381
93415
93418
93442
93444
93465
93482
93483
93487
93491
93507
93524
93540
93547
93563
93563
93585
93589
93598
93607
93648
93650
93682
93683
93694
93699
93736
93737
93740
93765
93766
93781
93796
93800
93812
93820
93828
93837
93839
93851
93865
93868
93870
93871
93872
93876
93883
93906
93911
93911
93914
93969
93975
93977
93980
93989
94016
94049
94057
94061
94066
94069
94072
94073
94082
94095
94101
94113
94123
94127
94145
94145
94179
94184
94192
94218
94221
94226
94227
94232
94234
94245
94249
94253
94253
94254
94256
94260
94273
94274
94280
94289
94291
94296
94309
94309
94310
94315
94338
94345
94362
94378
94398
94402
94406
94408
94414
94433
94436
94449
94475
94487
94490
94505
94506
94507
94511
94532
94552
94568
94580
94614
94615
94623
94629
94638
94652
94662
94676
94687
94691
94708
94708
94713
94718
94729
94737
94755
94761
94767
94771
94780
94791
94851
94854
94857
94862
94876
94883
94891
94904
94917
94917
94933
94937
94942
94975
94984
94987
94990
94995
95013
95025
95034
95042
95048
95072
95072
95072
95122
95124
95127
95146
95155
95161
95179
95179
95190
95191
95192
95193
95194
95195
95196
95201
95219
95220
95221
95234
95261
95280
95288
95305
95308
95312
95314
95321
95325
95339
95346
95347
95351
95355
95370
95374
95384
95391
95398
95399
95402
95406
95410
95430
95437
95443
95462
95470
95490
95497
95498
95500
95519
95540
95544
95559
95575
95604
95607
95658
95661
95683
95687
95693
95697
95702
95712
95712
95720
95721
95769
95770
95777
95797
95813
95836
95851
95860
95913
95946
95949
95956
95960
95961
95961
95980
95985
96039
96054
96064
96065
96135
96140
96140
96144
96150
96151
96160
96177
96178
96180
96181
96184
96190
96192
96207
96232
96242
96256
96300
96331
96340
96341
96342
96402
96408
96427
96433
96434
96448
96470
96490
96492
96495
96519
96547
96577
96601
96610
96611
96639
96654
96660
96685
96688
96689
96694
96697
96700
96705
96709
96715
96715
96719
96722
96725
96729
96731
96744
96747
96749
96756
96758
96761
96801
96803
96820
96828
96829
96835
96836
96838
96840
96856
96882
96890
96891
96895
96896
96898
96899
96916
96917
96920
96925
96928
96932
96945
96946
96999
97004
97004
97024
97041
97063
97064
97095
97103
97107
97109
97135
97139
97151
97151
97153
97154
97156
97157
97160
97162
97164
97168
97172
97173
97186
97206
97211
97216
97218
97229
97256
97259
97270
97292
97297
97299
97308
97312
97312
97320
97324
97326
97337
97341
97367
97368
97368
97370
97378
97437
97464
97469
97506
97515
97516
97523
97523
97534
97535
97541
97556
97566
97570
97573
97576
97581
97590
97607
97640
97644
97674
97681
97709
97744
97768
97769
97816
97824
97830
97831
97839
97857
97879
97881
97889
97898
97908
97910
97918
97933
97934
97952
97967
97969
97975
97977
97985
97996
98002
98003
98016
98020
98028
98039
98051
98053
98058
98058
98060
98062
98065
98067
98104
98105
98128
98136
98140
98140
98152
98159
98164
98190
98198
98215
98217
98217
98234
98241
98245
98246
98253
98271
98274
98283
98292
98294
98307
98314
98321
98324
98340
98363
98383
98384
98388
98401
98410
98411
98412
98425
98431
98466
98477
98491
98504
98504
98520
98527
98529
98532
98553
98572
98575
98590
98602
98604
98620
98628
98639
98649
98664
98688
98702
98703
98706
98713
98720
98763
98763
98767
98795
98796
98796
98802
98816
98832
98846
98848
98859
98869
98892
98930
98935
98940
98941
98945
98948
98949
98952
98968
98995
99019
99030
99043
99046
99048
99049
99080
99086
99109
99131
99135
99136
99144
99158
99163
99187
99198
99217
99223
99230
99257
99259
99259
99266
99272
99277
99290
99293
99301
99321
99322
99345
99349
99356
99364
99365
99367
99401
99405
99414
99489
99506
99520
99532
99563
99565
99585
99586
99590
99591
99600
99609
99614
99634
99637
99644
99648
99648
99649
99675
99684
99684
99694
99713
99715
99726
99734
99746
99748
99753
99754
99756
99759
99770
99771
99783
99790
99798
99816
99839
99857
99865
99867
99873
99911
99922
99924
99938
99941
99942
99947
99971
99984
99984
99990
99995
